features,feature_score
fond_20,0.002051686741410702
voters_10,0.0016052597299854793
ore_7,0.0015954019500749618
served_9,0.001315599568549934
minister_16,0.001244071066526787
returns_19,0.0012162494817086669
served_8,0.0012086506526619964
happy_11,0.001109961123731161
default_15,0.0010423145653354294
holiday_10,0.0010342386404543658
gold_15,0.000978315688325806
pennsylvania_4,0.0009632451677446144
marriage_7,0.0009611526480857172
council_3,0.0009565465835852374
credit_6,0.0009433096551748238
opportunity_11,0.0009209911309091039
college_16,0.0009082852239229233
blacklist_20,0.0009077204580912148
freedom_5,0.0009020721360462357
massachusetts_19,0.0008790515548439438
committee_18,0.0008747628609888499
lifestyle_7,0.0008672777881795606
freedom_10,0.0008535834709151863
democratic_17,0.0008475318924616646
crash_14,0.0008393710391782913
health_2,0.0008388511926707275
water_10,0.0008385918487371798
nasdaq_7,0.0008199998541540667
leverage_10,0.0008199129327759446
success_18,0.0008145453698365011
happy_9,0.0008045706173125313
home_4,0.0007983978244191749
votes_6,0.0007940711335343296
nasdaq_8,0.0007798047495105222
profit_9,0.0007733746980778023
fed_6,0.0007664598274543201
tennessee_8,0.0007597962869670921
elected_2,0.0007592011722090305
management_10,0.0007545391245006566
world_17,0.0007459402972609095
growth_11,0.0007406747923193436
freedom_15,0.000739587668961698
house_4,0.0007371471235858453
bank_1,0.0007332614738555669
blacklist_18,0.0007197697752831087
ring_16,0.0007151227414529095
committee_20,0.000709812331173527
district_3,0.0007090970327357088
case_18,0.0007086614530501398
garden_10,0.0007078075767919247
votes_5,0.0007073668687184812
home_14,0.0007056979273650016
returns_17,0.0007038107078253174
movie_20,0.000699848745222247
happy_6,0.0006979794857855245
rich_1,0.0006970182452906541
movie_10,0.0006939734535948702
judge_1,0.0006939495594319625
party_12,0.0006931059340580647
movie_6,0.0006920739281747239
health_10,0.0006913614756139374
headlines_18,0.0006911351373065274
technology_17,0.0006891844076833519
marketing_5,0.0006874642729705668
services_2,0.0006871377741233523
economics_15,0.0006850319268784132
home_18,0.0006838110413139103
rich_11,0.0006831848270518504
stocks_9,0.0006771903334930002
culture_16,0.0006740518095117047
fond_2,0.0006697014114904588
house_2,0.0006692613467065836
investment_2,0.0006674964542711173
illinois_15,0.0006674222530184693
garden_4,0.000661670361378724
washington_1,0.0006579440390594198
nyse_15,0.0006570869397051986
government_7,0.0006525113701187866
law_5,0.0006522223125664679
founded_20,0.0006515564432878205
movement_14,0.0006505134062362453
industry_16,0.0006457995082318865
ltd_6,0.000642704383058982
success_19,0.0006419329696686127
nasdaq_1,0.0006403817384191732
garden_16,0.0006402465374904709
minister_14,0.0006399719561607073
world_20,0.0006391634067038861
oil_10,0.0006388414014500073
portfolio_9,0.0006376595103014342
earnings_3,0.0006364301180225336
virginia_16,0.0006351002651417951
tourism_1,0.0006338765692408216
culture_14,0.0006334969590440152
ohio_5,0.000631537909497741
present_2,0.0006308218434824827
return_19,0.0006288933555789044
community_2,0.0006285587209316791
firm_9,0.0006262343586705412
industry_19,0.0006259695871015091
holiday_18,0.0006257399020092772
district_6,0.0006251646317370287
money_19,0.000622860819495094
holiday_16,0.0006226218203632261
council_7,0.0006225377700536357
security_6,0.0006213528101470472
union_4,0.0006213337111116969
economy_12,0.0006211775129016245
kentucky_11,0.0006199684428979881
college_11,0.0006195955450222864
election_10,0.0006186561866777276
bank_11,0.000618584263373169
house_5,0.0006157396050048279
health_8,0.0006151993997072048
governor_10,0.0006137662808893551
movement_9,0.0006125824284050107
investment_10,0.0006121692723765882
law_7,0.0006113357322877743
ceo_13,0.0006106741018874572
federal_8,0.0006101778768165766
kentucky_10,0.0006073847111083694
illinois_14,0.0006057335773111257
buy_10,0.0006049759405448949
legal_11,0.0006004638706767352
massachusetts_11,0.0006002271026857922
politics_5,0.0005997638731198791
services_1,0.0005984907668540677
transaction_1,0.0005982849459409158
unemployment_12,0.0005981192067650084
house_14,0.0005980957357864786
freedom_17,0.0005958189721048271
world_18,0.0005951663824226677
crash_17,0.0005950105131997365
movement_11,0.0005934900125350442
governor_9,0.0005934409877612226
hedge_7,0.0005929676237043473
car_20,0.0005927919644260404
tennessee_3,0.0005924401440439987
services_17,0.0005909565911403419
missouri_6,0.0005899913223158146
court_4,0.0005895598539126792
color_11,0.0005883726043478312
county_4,0.0005872985310634378
committee_1,0.0005859089704699708
fed_19,0.0005843858951788646
economy_6,0.0005841478278033759
seats_9,0.0005838943781671568
georgia_11,0.0005831876043899087
votes_13,0.0005829620521049324
ore_6,0.0005806662252041109
movie_16,0.0005804717829152031
culture_4,0.0005781192061931692
world_4,0.000577409629845986
seats_12,0.0005767771258248513
trader_1,0.0005765157126038658
bank_12,0.000576087688749249
movie_17,0.0005750409976903461
bank_7,0.0005744110266660684
buy_19,0.000573997203561208
washington_2,0.0005730059421576117
train_1,0.0005716850879033568
growth_17,0.0005713222577290356
kentucky_17,0.0005712025093966749
revenue_15,0.0005701493791360349
service_2,0.0005693971508149528
nyse_7,0.0005692738493027187
county_6,0.0005688891950691024
hedge_16,0.0005687260694155902
security_17,0.0005687045356829617
office_18,0.0005682705867257741
management_4,0.0005670601902507676
housing_5,0.0005667994072281635
county_9,0.0005666341606264909
republican_4,0.0005660149712403932
politics_6,0.000565445565397434
success_4,0.000565426067696492
community_6,0.0005652438914487178
health_11,0.0005646297521289261
union_14,0.0005646244312172439
sell_2,0.000564551794193751
money_18,0.0005643809739806222
markets_3,0.0005638813144001712
kitchen_16,0.0005637959054683407
cancer_5,0.0005618236179600959
county_10,0.0005614458394036548
world_11,0.0005613316240940757
culture_11,0.0005610506544684946
inflation_13,0.0005605919340342285
college_17,0.0005598249012942484
management_16,0.0005580644632429713
election_11,0.0005577690566216373
county_19,0.0005562643422910631
senate_15,0.0005522675926887462
ltd_2,0.0005519586712637762
district_18,0.0005517535301096535
stock_market_15,0.0005504514691242635
president_7,0.0005498156040060855
happy_5,0.0005497871532978673
conflict_6,0.0005489529691275057
act_7,0.0005472189713754694
texas_4,0.0005461086205098357
wisconsin_18,0.0005457044519473999
project_14,0.0005452920942236538
returns_8,0.0005445318242109538
services_9,0.0005443737759736841
politics_9,0.0005441780487741302
energy_7,0.000543981560088039
missouri_10,0.000543489796905058
inc_2,0.000543168746901316
inc_5,0.0005428954547103342
earnings_12,0.000542249563006024
global_11,0.000541514379872425
economic_19,0.0005414495157219648
train_14,0.0005407806827650747
minister_8,0.0005395755000586803
house_10,0.0005393210706222005
stock_market_11,0.0005387970979637722
politics_8,0.0005380707303549026
markets_15,0.000537606537232766
services_18,0.0005371336308243598
development_11,0.0005361182191032345
texas_3,0.0005353423779154151
missouri_3,0.0005351064040231796
home_13,0.0005346666116211132
crash_3,0.0005345911511062154
senate_8,0.0005340950080111555
judge_5,0.0005339176504276681
republican_2,0.0005337421677447012
portfolio_13,0.000533482375641539
bonds_9,0.0005331379542541788
train_13,0.0005325215016765214
william_12,0.0005318331535441648
home_7,0.0005317997788272597
law_20,0.0005316194232749395
college_3,0.00053155098085568
leverage_12,0.0005307570849300929
bank_8,0.000530458142099058
restaurant_10,0.0005304478365070754
house_13,0.0005301592068869903
portfolio_3,0.0005301155192721719
sell_14,0.0005288487838457171
federal_9,0.0005285556249413784
firm_19,0.0005285034661702542
portfolio_2,0.0005272524338729265
trader_4,0.0005259726895850239
president_4,0.0005257143507612773
markets_1,0.0005239427690729708
bank_13,0.0005212740107055883
earnings_7,0.0005209536465970095
money_15,0.0005192473076625083
health_5,0.000518697738871806
governor_16,0.0005184770814393936
religion_7,0.0005184258210597798
office_10,0.0005178069461300729
elected_9,0.0005174498968407479
gold_13,0.0005167702343108887
management_14,0.0005158181614349269
tennessee_15,0.0005157774133431411
million_15,0.0005154971176807125
finance_19,0.0005152646553524502
crisis_20,0.0005150001387994398
risk_20,0.0005148015861380072
holiday_11,0.0005144595010836638
kitchen_5,0.0005139888574194479
elections_13,0.0005139708322209294
chance_19,0.0005133682541180553
blacklist_19,0.0005131595686591052
sell_13,0.0005130905177808551
blacklist_14,0.0005127732794732135
council_12,0.0005111202310358495
conflict_2,0.0005094923241114583
union_11,0.0005091984305725817
services_11,0.0005089385930727424
loss_14,0.0005071187637800213
industry_9,0.0005068188510504415
home_20,0.0005067123917245763
movement_18,0.0005063392874274364
security_20,0.0005060028516235466
oil_14,0.0005052387019475168
texas_15,0.0005039515965417083
bonds_8,0.0005035990383613505
war_4,0.0005034274607259517
bank_3,0.0005027371661862663
health_18,0.0005017407413186176
fed_10,0.000501584652357305
religion_20,0.0005011091096460219
train_8,0.000500632579209766
senate_6,0.000499953943705321
food_15,0.0004998241552263204
court_17,0.0004997283744318095
members_16,0.0004992532892201355
elections_1,0.0004982095156209437
metals_5,0.0004977750341656468
car_5,0.0004971515450674943
case_2,0.0004965673116290848
revenue_14,0.0004956338435949482
fun_2,0.0004938555346077013
environment_2,0.0004934242204231766
security_16,0.0004929714249242331
social_15,0.000492607369116822
inc_9,0.0004918576716413982
cancer_10,0.0004917520205223147
case_1,0.0004915477766520803
investment_6,0.0004912249708395234
travel_8,0.0004908178352635169
county_7,0.0004903506111626804
pennsylvania_9,0.0004896128221885459
security_12,0.0004894037700629946
services_10,0.0004888444027023862
fun_4,0.0004885505546675353
government_20,0.0004883711311151395
business_2,0.0004883537915434517
global_5,0.0004882064938226606
housing_10,0.0004878436308475645
happy_10,0.0004877287122201673
kentucky_12,0.00048714281459279006
federal_11,0.00048679706321759324
bank_19,0.00048659479637431027
movement_5,0.00048642890797895733
movement_1,0.00048636355759585276
services_4,0.00048553848722017115
water_6,0.00048526304946473194
office_8,0.00048428636779099596
food_6,0.0004839992637818818
bank_17,0.0004838185312128782
ring_19,0.00048375599446618756
development_14,0.00048362252895875235
holiday_5,0.0004830444062798899
crash_12,0.0004829575713215305
judge_9,0.0004829253778750864
freedom_4,0.00048285606240185385
ceo_6,0.0004824216693942102
political_8,0.0004820062277550796
council_15,0.00048128038615909884
gold_10,0.00048077711869597665
party_5,0.0004803783483943836
freedom_9,0.000480313030989646
economic_9,0.0004801686859004486
oil_18,0.00048009174844099135
restaurant_13,0.0004798498940105361
car_15,0.0004798051674549744
cash_4,0.0004795908222343545
metals_8,0.0004793201920381822
business_19,0.00047832016532905753
president_17,0.000477695058107984
wisconsin_12,0.0004775000507422005
earnings_17,0.00047730198018057897
energy_9,0.00047649232744142214
political_10,0.000476174737906937
home_12,0.0004759037436709972
finance_11,0.00047589668187004064
war_15,0.00047535371832564476
community_16,0.0004748044945047907
kentucky_9,0.00047469095320160185
seats_14,0.00047414457543295337
million_10,0.00047401376146304953
invest_13,0.00047333095354146773
marketing_2,0.00047331130159870307
county_8,0.00047303620983667183
freedom_8,0.00047302493245178175
gold_16,0.0004725553004886651
stats_12,0.00047200831951082584
credit_5,0.00047097450231666947
consumption_15,0.00047095355980842333
products_8,0.00047091945285251925
ring_13,0.00047052052360235797
color_6,0.0004697420523836207
wisconsin_5,0.00046973589027138785
market_6,0.0004696663461146411
war_19,0.00046959999103110236
act_4,0.00046929986600406865
war_14,0.00046923847197045206
cancer_12,0.0004688978974729735
judge_17,0.0004688084505938412
travel_11,0.00046840960139746783
cash_14,0.00046837849439847044
crash_2,0.00046819354773869137
college_20,0.000467714668097007
representatives_13,0.00046760208329052857
voters_6,0.00046740863669643136
carolina_14,0.0004673646670428046
justice_3,0.00046725615411362495
william_6,0.0004672299980654501
energy_19,0.00046720780939639775
technology_6,0.0004669650570641615
bank_10,0.0004666374372802925
district_19,0.00046648345235482977
rights_16,0.00046637369539073584
crash_19,0.0004653250587041834
society_17,0.00046505103541417004
sell_3,0.00046496751783591287
committee_3,0.00046459730968622867
economics_19,0.00046454298958656246
ltd_14,0.0004644396619465229
district_16,0.0004640043036693845
fine_17,0.0004634897111732399
garden_5,0.00046345842276066836
republican_13,0.00046248115961228004
virginia_8,0.0004621395673124892
garden_17,0.0004620412860080755
union_3,0.00046169991877210916
holiday_1,0.0004607856910313827
economics_6,0.00045917093749030426
union_12,0.00045880595219596423
development_2,0.00045869133662693905
election_2,0.00045857717854134636
gold_19,0.0004579109815966996
blacklist_11,0.0004573109373965131
law_11,0.00045698664613578403
kitchen_7,0.00045693757845583394
debt_5,0.0004568157782255042
community_1,0.0004565223732636753
kentucky_19,0.0004563127687400847
party_17,0.0004553915067704658
management_8,0.0004552292914795963
social_16,0.0004546746307235962
lifestyle_18,0.0004541179508508612
service_12,0.00045360631013540315
stats_10,0.0004533557846565838
unemployment_1,0.0004531774909637018
happy_1,0.0004528694204783371
returns_16,0.00045188531984447053
stock_market_7,0.00045182606441997804
union_9,0.0004517533417598791
home_9,0.000451175857247383
party_4,0.0004508240383445362
ceo_2,0.0004507070912878423
texas_20,0.0004504091993334733
investment_7,0.0004501635913118391
freedom_6,0.00044992919859435874
college_4,0.0004498018895611466
kentucky_18,0.00044961008196626095
garden_15,0.000449248812900787
conflict_5,0.0004490250475307086
finance_18,0.00044898702724285703
dow_jones_12,0.0004488854465461822
secretary_10,0.00044835337338384513
world_15,0.00044823515581224175
sell_4,0.0004481653492416376
happy_8,0.00044777652731640884
growth_3,0.0004476412662703496
illinois_10,0.000447633361333823
council_2,0.0004473136971432649
health_9,0.00044724133665107846
dividend_18,0.0004464956481368965
district_17,0.0004464757754274309
ohio_9,0.0004464738283738053
credit_17,0.00044636913290048956
sell_15,0.0004460758915004442
food_17,0.00044602346610088904
bank_9,0.0004459745528331001
holiday_6,0.0004456400253515943
bonds_16,0.00044536639231332787
legal_19,0.00044492183396916025
fun_11,0.00044470208849867085
development_16,0.0004446331524042445
travel_6,0.0004442056296487774
unemployment_14,0.00044405303760416183
project_6,0.0004438780156293925
members_5,0.0004438771405119074
society_16,0.0004430850251388801
religion_6,0.00044293763530125834
technology_5,0.0004427552057678078
money_11,0.00044239793561794377
holiday_14,0.0004421541970407151
color_2,0.00044192042288820633
million_13,0.000441695643945669
chance_18,0.0004414848427945311
gains_16,0.00044113311373744776
business_18,0.0004408689541850838
market_9,0.0004408466422627985
health_6,0.0004408242959994384
party_7,0.00044041683780687347
rich_6,0.0004403776253100702
community_4,0.0004400221807993893
blacklist_3,0.00043938949726649224
headlines_3,0.00043929403206374295
project_16,0.00043905373974368033
blacklist_6,0.00043903711112994843
health_17,0.0004389120374961758
marketing_9,0.000438862861731476
inc_19,0.0004386240058734092
energy_4,0.0004384935388911126
market_4,0.000438459562703804
business_12,0.00043840597025151753
washington_6,0.00043822066828853173
buy_14,0.00043819096160852786
vermont_7,0.0004381378045497605
government_18,0.0004375167586844915
arts_13,0.00043744082901816676
loss_16,0.00043720965273389583
ohio_20,0.00043676690517088567
freedom_11,0.0004367654739803985
freedom_12,0.0004365800006877362
earnings_1,0.0004364297438418317
bubble_11,0.000436407338376395
york_2,0.00043624892959313037
virginia_2,0.0004361410024102349
inc_11,0.0004360375717185684
district_9,0.000435926144018311
sell_12,0.00043590616862497196
technology_2,0.0004357021839468181
inc_16,0.00043518806924465936
elections_7,0.00043493660805981753
county_18,0.0004345326402253402
happy_19,0.000434086344488223
governor_5,0.0004340422943556665
cancer_7,0.0004339040238393735
finance_17,0.0004338382874308548
stocks_12,0.00043374738698976527
inflation_10,0.00043358033322192724
food_3,0.0004334607420679785
technology_8,0.0004332834976350464
tourism_5,0.000432750233155215
housing_11,0.00043253980162696057
court_2,0.00043248011848132014
election_13,0.0004324567277807281
president_2,0.0004322863214075309
legal_17,0.00043217903086111557
arts_16,0.00043216041090941956
economic_20,0.0004321075064462263
police_6,0.0004319146302075951
votes_7,0.00043188525275150914
car_14,0.0004315409278840883
william_18,0.00043137436799577865
money_14,0.00043072698898883357
elections_17,0.00043057024629354634
banking_6,0.00043049139957923853
water_9,0.00043048935230379003
union_13,0.00043047685862169816
elections_14,0.0004297698185856086
stocks_15,0.00042962221554823535
world_13,0.0004292968295557703
happy_14,0.0004292476247629
crash_16,0.00042921820733118026
global_13,0.0004288688997324968
train_16,0.0004287409426534918
crash_20,0.0004282172882952849
garden_2,0.0004277576760801585
law_17,0.0004276916911175994
county_3,0.0004275681819617719
DOW_JONES_16,0.00042750281803082354
society_7,0.0004274073251326434
illinois_9,0.0004271649383632311
ohio_6,0.0004271339200462122
earnings_4,0.00042693442234653076
project_17,0.0004269216694652945
world_10,0.0004264715725688522
earnings_10,0.0004263688658903781
culture_1,0.0004262283720458534
revenue_9,0.00042619972762697293
party_6,0.0004261164969781666
finance_3,0.0004258752918683974
freedom_18,0.00042585930439884516
market_3,0.00042581383716085305
gold_7,0.0004257366284292781
million_19,0.00042566160201204826
virginia_19,0.00042550932093672665
york_18,0.00042541873438371595
return_4,0.00042531874959364594
court_6,0.0004253134912231501
election_12,0.0004248510313699648
texas_12,0.0004248280410241968
portfolio_8,0.000424734668134864
movie_1,0.00042451451837869925
train_15,0.00042448644835365473
buy_3,0.00042443027011729285
security_14,0.0004243253478062757
religion_2,0.00042429728299102517
gold_6,0.00042423235800254257
restaurant_3,0.0004241476460657477
buy_4,0.00042394961334139077
metals_16,0.00042385042571422557
inflation_5,0.00042372158257548547
project_15,0.00042361934017085917
nasdaq_5,0.0004229483497361404
bonds_6,0.000422150579138595
politics_2,0.0004220376603795138
government_6,0.00042132730670297404
buy_15,0.00042115775764640164
corporation_13,0.0004203927101269082
police_14,0.00042033867322519274
money_16,0.0004199692432473044
georgia_9,0.0004192319316839244
nyse_11,0.000419195370662837
election_7,0.0004188466394738943
marriage_16,0.0004188257897924039
social_6,0.00041877374961951484
war_12,0.0004186509095571412
ministry_19,0.00041844448656524114
county_20,0.000418426002766689
office_9,0.00041829341856504767
virginia_6,0.0004181848518871538
car_11,0.0004181644370658335
rich_2,0.00041737854422838397
court_1,0.0004173451074962932
car_2,0.0004172103485910263
buy_8,0.00041711235267843076
leverage_15,0.0004169435633462294
ceo_18,0.00041689592595092105
management_2,0.00041683819947546826
election_1,0.0004167752903387862
world_3,0.00041587763313079507
management_5,0.0004157197450485775
society_5,0.00041569418142580757
home_11,0.00041550010070944335
york_4,0.00041520771383521057
gold_18,0.00041507088792024094
community_10,0.00041457197607774437
freedom_7,0.00041421726358057396
security_1,0.0004142104903631822
office_14,0.00041390824693503557
ministry_3,0.00041377104725453666
blacklist_2,0.0004135561833424149
gold_4,0.0004134617761477834
global_20,0.00041344597522423397
present_7,0.00041284878075355475
college_9,0.0004126087266439777
washington_19,0.00041209927980697243
development_6,0.0004118797822002506
representatives_10,0.00041183463762585823
energy_2,0.0004117370539842666
movie_14,0.000411651693011137
economic_3,0.0004115269512533041
college_1,0.00041119875285460823
health_1,0.0004110054543147504
corporation_16,0.0004107726140693458
home_5,0.0004106199069956342
federal_13,0.00041048765605818696
social_9,0.0004104720624712392
council_8,0.0004102099004441769
fun_3,0.0004101485022381163
inflation_6,0.0004100860884169177
headlines_17,0.0004100605293802987
illinois_16,0.0004098469583445866
profit_20,0.00040945039579942216
william_9,0.000409379182134947
stocks_1,0.0004088316262146923
house_9,0.0004085910404367827
culture_20,0.0004084779834324193
nyse_18,0.000407620216191568
college_13,0.0004075192627673862
union_5,0.0004071576147214456
health_20,0.0004071410472786826
william_2,0.0004071102504186535
finance_14,0.0004070867527053561
president_9,0.00040690832469030577
stock_market_6,0.0004068997741058939
movie_19,0.0004065820934642146
energy_14,0.00040657760222221457
county_14,0.00040646603621574126
house_12,0.00040643263327836435
management_13,0.000406206771570422
products_12,0.00040617327685192037
election_4,0.0004060773543072948
government_1,0.00040606599385337833
district_5,0.00040575719467767657
ohio_11,0.0004055081280421544
buy_16,0.00040549295090161523
union_18,0.0004053355837307272
government_5,0.0004046419154074368
representatives_5,0.00040421642008756146
economics_2,0.00040410388716677267
credit_15,0.00040402957319042674
stats_3,0.00040359889777644105
color_18,0.00040294556411660595
college_15,0.0004028080137977154
money_6,0.00040250536767301166
case_17,0.00040126025508488525
act_9,0.0004011942397611843
products_4,0.00040094786316892785
votes_8,0.00040078930458172017
virginia_11,0.00040026817804793654
washington_13,0.0004001486490981658
services_16,0.00039980864791201487
train_20,0.0003996678792863001
project_1,0.00039953966986824483
home_15,0.00039936526024883225
loss_6,0.0003987393734173266
buy_1,0.0003985310028002184
financial_4,0.0003984563630386156
success_14,0.0003983060752743074
environment_20,0.00039810892138318187
world_6,0.00039796186357994226
dow_jones_17,0.00039787681199220104
pennsylvania_13,0.00039749228038638305
tennessee_2,0.0003974788050974149
republican_11,0.00039711662303656135
service_6,0.0003966205871621542
metals_7,0.00039657734015127754
social_14,0.0003961608955918025
returns_1,0.0003961415786663515
service_13,0.00039607261218341813
firm_18,0.00039604207286416125
economic_14,0.00039537251487390833
party_3,0.0003952496772980903
society_15,0.00039515095270124074
color_4,0.000395107881041267
carolina_16,0.00039502249162051863
services_8,0.0003947980300970879
crash_8,0.00039438113890675667
kentucky_16,0.0003940712162417273
lifestyle_16,0.00039372897624175566
default_3,0.0003935234715836868
garden_13,0.00039318546823791914
gain_5,0.0003930957925677717
dow_jones_2,0.00039294942736469216
water_11,0.00039284413897121485
representatives_12,0.0003928217344627486
republican_1,0.00039262868328195707
texas_9,0.0003923513073818761
carolina_11,0.0003922633702168157
credit_18,0.0003922255409254109
garden_14,0.0003919818313446734
ring_4,0.00039197986717575686
opportunity_19,0.0003915557684503187
portfolio_11,0.0003911800985077204
committee_2,0.00039109215307915976
illinois_3,0.00039060153167683463
crisis_2,0.00039047413573421236
happy_4,0.0003901087816285066
washington_9,0.00039001854405579884
housing_3,0.000389636574574381
unemployment_2,0.00038958662674028243
district_13,0.00038926766286945334
georgia_10,0.0003889508705734968
county_13,0.0003889290265666952
bubble_4,0.0003888762580885714
social_13,0.0003888430486831842
happy_3,0.0003888309673141501
secretary_5,0.0003886705874384963
leverage_4,0.00038849113012148106
war_7,0.00038841419787070925
senate_3,0.00038838626335048774
present_20,0.0003883000427777497
technology_18,0.0003878033028293979
garden_6,0.0003876447193271782
opportunity_2,0.0003876193262086311
office_12,0.0003872898139152737
home_3,0.00038705288028113665
kitchen_2,0.0003868832382701554
global_16,0.0003865863468092797
office_17,0.00038657830689145176
market_20,0.00038653313943085634
world_5,0.00038633396678118423
technology_3,0.0003862923302324759
police_18,0.0003855856467414006
credit_1,0.00038554832627792795
law_1,0.00038522159715074036
health_12,0.0003850739170844852
color_3,0.0003848069911554363
gold_11,0.00038478433792353843
million_6,0.0003846665295767378
default_1,0.00038438048200553057
war_9,0.0003843469346357461
county_16,0.00038429461442135654
tennessee_11,0.0003842264865825108
travel_3,0.0003841867388227515
DOW_JONES_11,0.00038412637672470253
revenue_17,0.0003837814616887775
investment_12,0.0003828305174504276
inc_3,0.0003825537763000749
marriage_3,0.0003823985965732729
politics_7,0.0003823633093908955
conflict_8,0.0003823547149414816
police_7,0.0003822424297648041
community_17,0.0003822134017406179
gain_3,0.00038194375408939324
religion_1,0.0003816236459946095
cancer_11,0.0003814824680560571
president_20,0.0003811652711465261
fed_14,0.0003809548258682709
returns_12,0.00038081763585615916
DOW_JONES_2,0.00038064497555339856
economic_15,0.0003804796163059827
washington_5,0.0003802082496729764
washington_8,0.00038018912611948596
car_8,0.00038017769461515884
project_3,0.00037990424766585974
food_16,0.0003796826743314981
sell_8,0.0003794917734428624
illinois_8,0.00037930120831194204
markets_20,0.0003792241520971939
water_5,0.0003789342646385033
fun_9,0.00037877483422833346
stocks_2,0.00037858422288003334
war_11,0.00037840931033960494
county_12,0.00037838955993933863
seats_4,0.00037794316008101544
house_1,0.0003779055065883016
water_19,0.0003776260437347855
virginia_9,0.00037759291881761563
service_14,0.00037752130134552207
marriage_2,0.0003774402469213124
legal_15,0.000376826048918128
economy_7,0.00037673075083929724
union_16,0.0003766467650414922
bank_14,0.00037649185065817526
texas_13,0.0003756983194787943
missouri_9,0.00037559875780469057
unemployment_16,0.00037554553523487175
financial_10,0.0003754939650888609
movie_15,0.0003754723604542928
war_8,0.0003753696839383183
county_2,0.0003751886283815044
union_19,0.0003751416239149201
governor_18,0.0003749369829794432
management_6,0.0003748559673390385
trader_20,0.0003745590731731653
housing_9,0.0003743721659981073
carolina_2,0.0003743587577099258
food_13,0.0003743407601901004
water_16,0.0003742830324007877
marriage_8,0.000373760762289951
movement_15,0.00037351517016650425
bubble_10,0.0003734911792254953
stats_4,0.0003734545243341011
office_16,0.0003733145937099124
dow_jones_7,0.00037322741357677245
court_9,0.00037304500816251
william_11,0.0003729722514328993
federal_14,0.00037278499838161547
metals_14,0.0003727715109679102
conflict_16,0.0003726064735621824
election_14,0.0003724432224119116
nasdaq_16,0.0003723063722629559
technology_14,0.00037157010899163776
college_19,0.00037137439994519496
restaurant_16,0.0003710485840473012
portfolio_20,0.00037094429329020506
house_3,0.00037094039870598625
law_14,0.00037089407023944526
rich_15,0.0003708329291119416
vermont_14,0.0003707919956099031
police_9,0.00037079095107180895
wisconsin_8,0.000370733398547552
home_16,0.000370620961847097
financial_8,0.0003702125048633481
metals_20,0.00037001999010360085
inflation_19,0.00036991348480093907
dividend_9,0.0003698851473571464
car_9,0.0003697554106018585
culture_7,0.0003695729742867112
ring_2,0.00036918184337334864
representatives_6,0.00036900020262519296
movie_11,0.00036892643127292167
government_12,0.0003688586750584924
political_14,0.0003686993210902584
economic_13,0.0003684190166023029
virginia_15,0.00036794896509381627
york_16,0.0003673781113999061
technology_15,0.0003672703745923082
washington_3,0.00036685259647173987
housing_16,0.0003668110962072985
economics_5,0.0003667059875296127
religion_15,0.00036618679102584813
washington_14,0.00036616960033270153
massachusetts_8,0.0003660005100059518
world_19,0.000365877076653315
pennsylvania_10,0.0003654880892637847
services_19,0.0003651513607231507
elections_6,0.0003650855329408235
blacklist_8,0.0003648686277846971
movie_5,0.0003645331670033475
wisconsin_13,0.00036446961148120245
money_17,0.000364376283357697
representatives_14,0.00036431692493619757
color_8,0.00036420346727029717
wisconsin_3,0.00036415330677507933
buy_11,0.00036394220273247644
law_3,0.0003638201351789963
firm_6,0.0003637467722775033
oil_3,0.0003637414819459222
minister_3,0.0003635478869763594
law_2,0.00036350220494119333
community_7,0.00036348124724144663
business_1,0.0003633134704727464
representatives_17,0.00036315703084443206
legal_6,0.00036301593290286624
security_10,0.00036299565102035385
republican_17,0.0003628826229744164
members_14,0.0003626010612394946
massachusetts_7,0.000362372245739101
act_20,0.0003621890531314876
arts_9,0.000362011727592605
marriage_18,0.00036171572676403846
virginia_5,0.0003616187498040747
blacklist_13,0.0003616166723078766
management_7,0.0003614291850663432
ring_6,0.0003613360035658641
loss_3,0.0003613307414248601
risk_1,0.00036088857274059027
election_8,0.0003608187354025024
blacklist_4,0.0003606505891168647
color_19,0.00036050624629265063
arts_6,0.00036035618338102395
council_10,0.0003598044742177206
president_3,0.0003597159569957274
color_15,0.0003595242817182934
services_20,0.00035948806463736126
food_5,0.00035948620886926065
case_10,0.0003594362773608148
chance_4,0.00035939211622949753
war_17,0.0003593668060336072
car_18,0.00035928721882565813
house_20,0.0003589834898637272
carolina_10,0.00035896857751529333
food_18,0.00035858535085596003
senate_9,0.0003583049563780635
lifestyle_5,0.0003582545945883145
war_1,0.00035823269652645353
housing_6,0.00035821655401030824
security_19,0.0003581521654461031
products_11,0.00035810719623989703
happy_18,0.00035787100134074864
media_17,0.0003578038914942257
governor_14,0.0003577823125898033
senate_2,0.00035762180603727335
health_14,0.00035748340633776684
court_10,0.00035743421952980265
rights_15,0.0003574327709062554
headlines_2,0.00035738203836655906
missouri_14,0.0003572948193671564
federal_19,0.0003572807503821317
college_6,0.000357033402552073
sell_20,0.0003567544656143994
happy_13,0.0003567503567399906
credit_4,0.00035630995177243476
marriage_11,0.00035611572111860976
social_5,0.0003559858491238184
kentucky_15,0.00035597326519370596
project_12,0.00035583320934280823
development_19,0.0003555927984530389
credit_19,0.00035558336258154126
economics_18,0.00035542345267266097
government_14,0.0003554143589397153
happy_16,0.0003552341391705073
georgia_7,0.00035516636236552677
revenue_13,0.0003548970460073261
case_15,0.0003547441563000361
secretary_13,0.00035433927109520424
health_13,0.00035418165376474337
car_13,0.0003541628497378098
finance_7,0.00035388076086262924
judge_19,0.0003530330000343582
culture_18,0.0003528512752617419
union_8,0.0003528035710639188
dow_jones_16,0.00035270703689351766
president_11,0.0003526969908476365
arts_5,0.0003526433991891827
service_1,0.00035241415263153106
garden_11,0.00035240267997730583
carolina_1,0.0003523999295404087
crisis_17,0.00035221241709930927
washington_11,0.000352162108688313
environment_18,0.00035202778948420277
security_3,0.00035173676970958904
party_1,0.0003517312609209275
companies_11,0.0003516545874172183
war_6,0.0003516341573167772
marriage_15,0.00035132163593908967
million_16,0.00035122820964294925
movement_19,0.000351217165406387
water_17,0.000351204851166541
services_12,0.00035108310258452104
bubble_14,0.00035092763822098264
credit_16,0.0003507112531550031
corporation_14,0.0003503254293990702
union_15,0.0003503054290102502
sell_11,0.0003500773443241172
restaurant_12,0.00035002651257928563
crisis_7,0.00034981155525803416
president_15,0.0003494175413155108
water_20,0.0003493764866269839
garden_19,0.0003493576829107288
inc_4,0.00034920767718280124
management_18,0.0003491878745247106
products_14,0.00034917279331044324
inc_8,0.000348835776106415
marketing_4,0.0003485134248485023
water_14,0.00034843174914069193
court_13,0.0003484018260825638
restaurant_14,0.000347785217143624
finance_8,0.00034775087992856574
senate_16,0.0003477246108108654
washington_10,0.00034764969902161794
kitchen_11,0.0003476302452906584
markets_7,0.00034747367680436613
court_7,0.00034738559122885355
york_3,0.00034732496691047637
management_17,0.0003468803052201958
success_6,0.00034687842628364885
college_8,0.00034685049379794497
election_18,0.0003465929699496064
market_17,0.00034650307063005455
gains_1,0.00034641348747960167
money_5,0.00034635044755286634
trader_10,0.0003463317260474576
market_15,0.0003462905827807508
democratic_12,0.0003461608711215851
politics_20,0.0003460078375609469
ohio_3,0.0003458221742321734
business_5,0.0003458132782603387
york_14,0.00034552492192593993
elections_16,0.0003454271815021463
tennessee_1,0.0003452682401867854
trader_13,0.0003452108529082397
ohio_8,0.00034516244700907503
republican_5,0.0003451244457931436
credit_12,0.0003450621165072467
project_8,0.00034488963529644866
ministry_8,0.0003448627415875976
kitchen_6,0.000344788564893186
community_19,0.0003447296315337267
hedge_20,0.0003441554782287558
union_17,0.00034410927530802653
market_16,0.0003438627342487825
arts_4,0.0003438202242597548
case_13,0.0003435746555013201
default_2,0.00034349981986901186
marketing_7,0.00034347970855246024
trader_15,0.00034331756288792414
inc_20,0.0003432835782317231
governor_1,0.00034322883859975604
security_8,0.0003430338072782191
development_5,0.0003427888443217616
world_16,0.0003426652899589022
portfolio_18,0.00034256204622222584
DOW_JONES_6,0.0003424781485412649
products_15,0.00034228014979437074
court_3,0.00034227939937866823
world_1,0.00034219418981767746
elections_19,0.00034216984416766456
tennessee_5,0.00034212720808854446
banking_11,0.0003420297342089722
massachusetts_18,0.0003420103059746313
political_3,0.000341984972454092
case_7,0.00034187457870210434
return_10,0.00034157463598536445
politics_12,0.00034156518161092096
home_6,0.0003414920425824953
president_13,0.00034143174410343984
management_19,0.0003413474189033289
community_8,0.0003409879863090717
rights_4,0.0003409685491993942
media_6,0.0003406846594996861
representatives_7,0.000340665376738436
garden_7,0.00034061989393150967
holiday_17,0.00034052906915510965
republican_16,0.00034014571980522907
home_10,0.0003401125276683114
products_13,0.0003398478008764007
earnings_19,0.0003396504448925496
voters_9,0.0003393414963321271
health_16,0.0003390905197706872
kitchen_10,0.00033906342385012033
kitchen_20,0.0003390094535485086
growth_13,0.00033898160568158304
william_15,0.0003388453897259367
council_19,0.00033879835893738493
stats_20,0.0003385164091087619
missouri_13,0.00033836253032089244
washington_7,0.00033824406090703064
media_11,0.00033811189985811157
ring_10,0.0003376818645607817
house_15,0.00033765062867384133
ohio_14,0.00033754820918789787
fun_17,0.0003374534240671326
house_16,0.00033741648365400763
texas_19,0.0003374136959910151
service_16,0.00033710000597373584
tourism_2,0.0003369467868842163
financial_16,0.00033685773843154186
financial_14,0.00033670225249020363
stocks_19,0.0003363404766632968
buy_7,0.0003362109627627054
elected_8,0.00033618639364712063
ltd_11,0.00033606748708744607
council_20,0.00033604208072552657
trader_8,0.0003359226792024884
politics_1,0.0003358896285454348
products_7,0.0003358749164864944
products_5,0.0003358737339765865
rich_3,0.00033584510873299877
holiday_15,0.00033545016558150797
freedom_1,0.00033532302309775727
invest_12,0.0003353048354593415
justice_1,0.0003353023779665532
nyse_2,0.0003352743921841747
companies_8,0.00033524480039953805
security_5,0.0003351867493869185
federal_3,0.0003350959969681863
york_7,0.00033505262860804725
lifestyle_6,0.0003349360412100328
texas_16,0.0003347690839645625
york_9,0.0003344659688965622
representatives_20,0.00033434564787185
revenue_1,0.0003343431525485193
culture_13,0.0003343063849160834
fun_7,0.00033409890225699667
color_1,0.00033409140267670053
health_7,0.00033408303634566063
vermont_12,0.0003337839402277471
party_8,0.00033345320609627654
senate_19,0.00033342735650954423
health_3,0.0003332874468379923
election_9,0.0003332587554201104
governor_6,0.0003332474232844568
federal_15,0.0003332057680042619
carolina_12,0.0003331449287541792
corporation_5,0.0003330333302874224
profit_7,0.0003326561873165791
growth_19,0.00033263775197819547
gains_9,0.0003326325916471723
college_5,0.0003325031371821023
marketing_17,0.0003324024968256542
sell_1,0.00033225692240475524
act_15,0.0003321558733931047
york_17,0.00033209328515169066
kitchen_14,0.0003320215708566822
stats_8,0.0003318544065332325
house_18,0.00033179720974491994
law_13,0.00033175974706915957
services_14,0.00033141114795349856
elections_9,0.00033135862267594056
social_2,0.00033131989365085905
movement_16,0.00033127039319643574
finance_6,0.0003311671483588653
energy_16,0.0003311083106535222
water_1,0.00033094461388622317
transaction_9,0.0003304586527803639
investment_16,0.0003304549984187947
financial_3,0.00033028175579933065
college_12,0.0003302099166468705
investment_20,0.0003301338922224778
banking_12,0.00033004856512264
lifestyle_20,0.0003299170669281008
energy_6,0.00032979490859978385
credit_8,0.00032977142904290767
movie_12,0.00032967635690039383
management_20,0.00032940344841583835
global_2,0.0003292737040001901
texas_1,0.0003292361904849566
business_14,0.00032917970079686864
management_12,0.00032911335502611654
invest_14,0.00032902078929400875
revenue_8,0.00032900393790596255
dividend_11,0.00032877009447321396
texas_14,0.00032872479106622356
global_15,0.000328697197861666
revenue_4,0.000328676934752031
security_9,0.00032863113274231455
georgia_4,0.00032850098658643713
unemployment_13,0.00032837747381197173
world_7,0.0003283454648622123
loss_8,0.0003280887546291673
markets_2,0.00032803844277903285
travel_10,0.00032797181341932005
media_15,0.0003277302447782209
money_20,0.0003276952552019177
credit_20,0.0003273914036055696
fun_12,0.00032735157546785634
act_10,0.0003273459455717467
district_1,0.0003273449237555218
community_11,0.00032728627030536266
gain_15,0.0003270786058931943
finance_20,0.00032692770098185554
missouri_20,0.00032689668749246267
stocks_20,0.0003267245095127506
hedge_8,0.0003266164514959088
fed_20,0.0003265807351280334
voters_1,0.0003264975171849686
social_19,0.0003264424740173125
virginia_13,0.00032640255102132974
water_13,0.0003263131330366352
massachusetts_15,0.0003262128364130319
committee_11,0.00032611355888482
court_18,0.0003260366116657198
service_15,0.0003258849308042782
global_7,0.00032583264120730315
dow_jones_13,0.0003258128960913322
movie_4,0.0003256910713143241
tourism_17,0.0003253710057823443
success_15,0.0003252277695032188
economics_4,0.000325163758270277
companies_14,0.00032516343661313367
missouri_5,0.0003250749290008841
project_10,0.00032500892130027983
world_9,0.00032486773667331106
business_20,0.00032483725892723135
representatives_4,0.00032481899356677214
metals_15,0.0003247863332913006
political_2,0.00032474676309610903
georgia_16,0.00032449708443289804
default_16,0.0003242942367096268
ring_8,0.00032415745319427767
garden_1,0.00032413137473337705
train_17,0.00032411256738690985
kentucky_3,0.00032407069741308587
health_4,0.0003240547761137364
cancer_19,0.00032401348067408317
labor_8,0.00032401129726861036
cancer_15,0.0003238073642874339
rights_7,0.0003236970137635306
finance_9,0.0003234928659744894
holiday_2,0.00032343175438338486
illinois_1,0.00032331358756941585
president_12,0.0003232254196255287
religion_4,0.00032318257897828804
oil_8,0.00032304637164559625
industry_8,0.0003229679355210512
massachusetts_6,0.00032295052527305077
headlines_11,0.00032270420093629467
federal_18,0.0003226772187587956
water_7,0.0003225342258030757
law_16,0.00032233550175564456
service_5,0.0003223162838031919
fed_18,0.000322200066500467
economic_16,0.000322154090383567
elections_18,0.0003221452162232197
kentucky_14,0.00032214288120654207
buy_6,0.00032208745103669425
legal_18,0.0003220066983406693
act_5,0.0003219201645583261
loss_18,0.00032182401647050217
hedge_14,0.00032173000649006835
secretary_3,0.0003216539450449808
chance_20,0.00032160747367222965
republican_20,0.00032159750999152234
inflation_11,0.00032145517630254435
war_13,0.0003214052248999625
tourism_18,0.0003213637540767125
business_10,0.00032102462792558197
movie_18,0.00032097096190754674
environment_16,0.0003209130203185267
return_12,0.0003207159646726321
banking_4,0.0003206846459676614
marriage_10,0.0003206295179727339
development_17,0.0003206053133568577
markets_14,0.00032041770180180014
movie_3,0.0003204144283931819
washington_4,0.00032033658590384514
success_17,0.0003201952395022454
project_5,0.00032008560987133096
business_4,0.0003200057226996524
global_14,0.00031998026168808346
pennsylvania_11,0.00031996414656224606
media_19,0.0003199565598478713
products_19,0.00031968538909197256
buy_17,0.0003194778285979291
court_8,0.0003193560510703434
illinois_11,0.00031934757804281624
vermont_4,0.0003193274570155886
political_1,0.0003191367349321354
credit_14,0.0003190718475561169
elected_7,0.00031900446784932553
office_13,0.0003188796490295519
environment_8,0.0003188138865686767
senate_10,0.0003187669057679154
holiday_20,0.0003187048199420981
texas_6,0.00031868205920639877
members_20,0.0003186755033158701
gold_5,0.00031865503159984843
chance_8,0.00031858268877001057
kitchen_15,0.0003185363361901958
labor_9,0.00031843354134079654
service_9,0.00031843205323171955
dividend_19,0.0003181570562126467
william_5,0.00031797589504430784
movie_8,0.0003178706372528452
earnings_14,0.00031779597121100805
texas_11,0.00031756984891897523
services_13,0.0003175630039540829
stats_13,0.00031748580436284277
train_11,0.00031739158517457946
federal_5,0.0003172127876389601
inflation_2,0.00031712850825524916
case_8,0.00031682113043452734
global_6,0.00031675352425964467
home_8,0.0003167458636156235
federal_17,0.00031674564269833244
culture_19,0.00031651931333383617
governor_11,0.0003163669707145977
georgia_8,0.00031628872047446553
police_2,0.0003161594604205424
lifestyle_10,0.0003159912560707348
court_19,0.00031595986137490764
religion_16,0.0003159529530357609
media_16,0.0003157671320370845
case_20,0.0003154672248675085
DOW_JONES_14,0.0003152603192063595
politics_10,0.0003152143200489634
home_19,0.0003151105929835608
transaction_13,0.0003150167386602685
college_18,0.00031498327300472046
culture_15,0.00031498018602039854
oil_15,0.0003149711585516836
bank_2,0.0003148680282014152
war_2,0.0003148563610615819
office_1,0.00031483902003325254
financial_13,0.0003145938650576478
william_3,0.00031457487754257
committee_5,0.00031416349574113923
cancer_16,0.0003141393539491548
economic_17,0.00031410484616838384
metals_1,0.00031394926502574614
world_2,0.00031376177220784516
ring_1,0.0003137014609070113
district_20,0.00031348318398991465
inflation_20,0.0003134200136718426
case_16,0.00031334510599278907
economy_10,0.0003131498020832649
tennessee_7,0.00031311218339403053
transaction_17,0.00031308897925651387
religion_10,0.0003129913571023005
business_9,0.0003128509528775086
illinois_13,0.00031277633047615844
nyse_8,0.0003125106487179592
loss_9,0.0003123711892489193
kentucky_4,0.0003123388059961623
cash_19,0.00031228632993177526
votes_12,0.00031225584423485195
world_12,0.00031217899867662293
federal_4,0.0003121418492384298
senate_4,0.00031213307350618023
movie_2,0.00031208158854414606
court_16,0.000312070076417316
tennessee_20,0.00031196942573610316
carolina_3,0.0003116669731442482
elected_19,0.00031148041272649517
travel_17,0.0003113724382910697
services_7,0.000311372312337741
social_20,0.0003113689662738829
profit_14,0.00031122282811822574
corporation_4,0.00031086848453280245
service_4,0.0003106259748835389
security_11,0.0003105833504947688
environment_15,0.0003105134402681277
county_17,0.00031041874340178677
inc_18,0.00031022303744100905
massachusetts_5,0.00031017835429271467
unemployment_6,0.00030995465876429803
color_10,0.0003098193171076836
fun_1,0.0003097869137523967
food_1,0.0003094486230885796
return_15,0.00030943541473112774
earnings_6,0.0003093934097148336
health_19,0.00030932678684350275
house_11,0.0003091050286476545
sell_9,0.00030897353312435254
cancer_13,0.00030893820121950615
management_11,0.0003088701095342237
nyse_16,0.0003087095584383231
development_13,0.0003087087587801902
kentucky_20,0.00030848175348773563
media_14,0.00030848080887750174
banking_7,0.0003084264497771197
restaurant_6,0.00030805987161251205
garden_9,0.00030791710000647077
gain_7,0.00030778546570717555
bonds_7,0.0003077407284206918
council_11,0.00030768796115436645
unemployment_11,0.0003075154428548521
house_19,0.000307461516530235
gain_6,0.00030745012081914003
votes_20,0.0003073663494679741
development_10,0.00030736571985340647
tennessee_4,0.000307343880039177
republican_14,0.0003072408344642609
secretary_7,0.00030683143471505614
committee_4,0.000306601349669023
elections_5,0.00030653656331277804
profit_4,0.00030651813851826823
fun_16,0.0003064980413652225
carolina_20,0.00030647410074914193
society_19,0.00030628336522243576
illinois_20,0.0003062381229505629
DOW_JONES_12,0.0003062104875230125
york_11,0.00030600078237987867
nasdaq_14,0.00030596459219922595
movie_7,0.00030587375774943315
return_9,0.0003058583873774583
georgia_6,0.000305817607293081
georgia_14,0.0003057818125698572
car_6,0.00030559205684890697
water_4,0.0003055755841617662
police_5,0.0003055533858933634
union_10,0.00030510076146362234
ltd_15,0.00030486238356082317
members_7,0.00030485270591795857
service_11,0.0003047422001113893
invest_18,0.0003047310485223459
crash_18,0.00030443887050052727
fed_9,0.00030443470845980045
million_7,0.00030433955214953376
wisconsin_16,0.00030412736202439864
dow_jones_20,0.00030393786345230255
oil_12,0.00030386155821732127
security_2,0.0003038363926987425
house_17,0.0003038349931226661
market_18,0.000303651303056435
metals_3,0.0003034866368757658
security_13,0.00030344628285282685
community_18,0.0003033237979508632
dividend_2,0.00030323697702798756
county_5,0.0003027860699811978
religion_3,0.00030265880691600675
security_15,0.00030248940677080017
sell_7,0.00030244523187361697
college_14,0.0003023852956019763
inflation_8,0.0003023771316665428
fine_5,0.00030232010790516806
bank_5,0.000302270638803847
industry_11,0.00030219494427757057
credit_13,0.0003020492182268526
washington_18,0.000302025139500681
food_10,0.00030201019224429727
media_4,0.00030197420244173475
restaurant_5,0.00030187402653849584
market_7,0.0003018504327603235
finance_5,0.0003017604015722282
party_9,0.00030142665518566997
elections_11,0.0003012979257423682
house_8,0.0003009602584477299
case_6,0.00030082995733662644
war_3,0.00030071912689611977
party_15,0.0003005890294295518
community_3,0.00030040264499787457
union_1,0.00030040060574674523
travel_19,0.00030032941136630696
wisconsin_1,0.0003001961818451923
gain_8,0.0002999825127689229
case_9,0.00029995374386840854
judge_2,0.00029984676762346386
train_6,0.00029981029007845346
consumption_9,0.00029911663368446654
economy_13,0.00029903164464403824
technology_10,0.0002989205576770784
office_19,0.00029871549684377344
dow_jones_19,0.00029870017264667435
portfolio_10,0.00029858448998569374
global_17,0.0002984428671045259
movie_9,0.0002983800741679688
companies_7,0.0002981528239475735
default_12,0.00029804741541691963
travel_9,0.0002980042528488796
stats_11,0.00029783426680190313
labor_20,0.000297795320237034
tennessee_19,0.0002977723617948372
water_3,0.00029765564980652214
party_18,0.00029751652249660257
william_20,0.000297515998771493
law_6,0.00029720974159532773
oil_11,0.00029719776805308394
ore_4,0.00029704653850848203
freedom_13,0.0002969261606391644
georgia_18,0.00029690338876623676
financial_17,0.0002966500992279392
chance_3,0.0002965336477021772
government_2,0.0002960438860779859
housing_2,0.0002959535897577663
inflation_7,0.00029582403113494123
debt_6,0.0002958030287228782
law_12,0.0002957306975400226
party_13,0.00029554828762908366
finance_13,0.00029546230303711436
religion_17,0.0002954190079359095
election_20,0.0002953688837272279
corporation_6,0.00029528059429966767
firm_1,0.00029524087969794085
market_14,0.00029505080541364554
politics_14,0.00029502837629918763
stock_market_3,0.0002949985999565337
service_10,0.00029494812108405084
market_8,0.00029491998635171416
industry_17,0.0002948568971239066
missouri_7,0.00029482770489977993
elections_3,0.0002947690844455541
missouri_11,0.0002947681904321101
democratic_6,0.0002946554417841825
corporation_19,0.00029463698650367067
election_6,0.0002943634900266254
democratic_18,0.00029410509640255355
color_16,0.0002939939159579031
judge_12,0.0002939228768330938
oil_1,0.000293855841169236
party_10,0.00029373798401580696
food_8,0.00029348096046210627
culture_5,0.00029345455384709363
cancer_8,0.00029333265299798673
finance_15,0.00029327660417748265
train_4,0.0002932709433799875
crash_15,0.00029305310814966597
marriage_5,0.00029303141777029765
media_13,0.0002930011086438572
council_9,0.0002927793153013923
credit_9,0.0002927747049458407
fun_5,0.00029249363144335285
law_4,0.00029235626558052216
food_11,0.00029223125828198163
debt_4,0.0002920584068046286
york_19,0.0002920190153478561
risk_2,0.0002920140166788284
carolina_17,0.0002919642971087778
wisconsin_10,0.00029184047187539794
markets_6,0.00029179080783636914
ohio_12,0.0002917644501412612
cancer_14,0.0002917599203659152
members_4,0.00029169987247071284
DOW_JONES_3,0.0002916060690875501
vermont_6,0.00029143712598531877
color_20,0.00029134566866975806
chance_12,0.0002913133404857943
return_5,0.0002912291697431045
federal_10,0.00029120298360429795
gain_17,0.0002911219808466483
buy_13,0.00029103891248883295
gain_12,0.0002910260437677774
media_20,0.00029085592726431575
water_12,0.00029036121977828107
council_14,0.0002903300356804237
union_20,0.0002902830876547108
council_4,0.00029025598921902327
loss_12,0.000290100786299094
economic_6,0.0002900661672228629
inc_13,0.0002900636029351926
inc_17,0.0002900464479261773
labor_1,0.0002899688068564491
business_11,0.00028993459822642325
police_3,0.0002898702607896227
votes_10,0.00028975103353186146
train_5,0.0002896336779790872
labor_18,0.00028960022915195787
law_9,0.00028933150970176174
rights_10,0.0002893050753846027
environment_7,0.0002891455768378281
loss_5,0.0002890315891752394
food_2,0.0002889801167033469
economy_14,0.0002889658836253522
social_3,0.0002888760700363051
texas_5,0.0002887982833959478
opportunity_17,0.000288763332439278
case_11,0.0002887385021250575
development_1,0.00028865597544845066
tourism_4,0.00028864485433371067
DOW_JONES_8,0.00028864428736550814
market_2,0.00028864095975084754
judge_18,0.0002886253156706277
kitchen_13,0.0002885679794264969
food_9,0.0002885082137628372
DOW_JONES_20,0.0002884289186690522
gold_14,0.0002883860338083975
bank_20,0.0002883075285200073
voters_5,0.0002882919851714582
energy_3,0.000288195249761177
gain_14,0.0002878462398925677
democratic_16,0.00028774089288278467
pennsylvania_19,0.00028770008077875006
firm_3,0.00028732869860041373
management_9,0.00028732789294476374
holiday_9,0.0002871784977903883
labor_3,0.0002871398932465678
politics_4,0.00028712618333511935
ohio_17,0.00028705972761884163
seats_10,0.000286637195607491
committee_17,0.0002866236805579627
travel_5,0.00028643870222942605
tennessee_13,0.0002860501284243871
stats_2,0.000286025404958048
consumption_1,0.00028585143812294835
water_2,0.0002858211712689866
revenue_6,0.0002857620008453072
elections_8,0.00028561772868478276
stats_14,0.0002855124202579287
college_7,0.00028547235185987706
governor_3,0.00028537126629777764
holiday_8,0.00028531363986796415
cancer_3,0.0002852622116178936
county_11,0.0002851762423850176
marketing_10,0.0002849349711906019
development_3,0.0002848926368052121
ohio_4,0.0002847754340863517
justice_14,0.00028467092591193994
election_17,0.0002846705916762838
credit_2,0.0002844094898552009
banking_13,0.00028425383421556245
senate_17,0.0002841852862289451
bank_4,0.00028412118938386495
return_11,0.00028406124959868905
massachusetts_9,0.0002837795486672179
rich_4,0.0002833591832276545
kitchen_19,0.0002832357371854195
unemployment_5,0.00028285778815538673
community_20,0.0002828543125810461
cancer_6,0.0002826500118969767
secretary_1,0.00028258748911834267
social_7,0.00028246896180450547
buy_12,0.00028245847265256387
unemployment_8,0.00028229182641825067
million_18,0.0002822792016645129
present_5,0.00028226948591421525
food_4,0.0002822280711393053
market_13,0.0002821564883304312
banking_5,0.00028212990844600234
arts_17,0.0002820603434745959
community_12,0.0002819894941350962
missouri_8,0.00028178632662905433
gold_2,0.0002817283559960286
ohio_2,0.00028172465232820975
war_16,0.00028163674127709216
vermont_9,0.00028156088164825395
crash_6,0.00028144226337774753
economics_20,0.0002813690190043272
conflict_19,0.00028125105999108615
labor_17,0.00028121336547181144
rich_8,0.0002811802464050433
companies_19,0.00028117200212399445
washington_17,0.0002811588237055563
ltd_8,0.00028108365970314276
companies_6,0.00028091801205927595
republican_10,0.0002809104493696397
credit_10,0.0002809099170431535
arts_3,0.00028082129920599326
fed_16,0.0002807826036175627
service_19,0.00028077704475983615
opportunity_10,0.0002807350847618287
government_17,0.0002807221923267241
risk_19,0.00028071418156278753
development_20,0.0002806746870519777
pennsylvania_12,0.0002804807795393688
revenue_5,0.0002804720795093746
governor_4,0.00028046090929652784
culture_6,0.000280428405815671
crisis_8,0.00028038639673516673
consumption_8,0.00028034387649621226
home_2,0.0002802183577342374
trader_9,0.00028004896848374863
ohio_16,0.0002799524214725924
district_4,0.0002798626959630678
firm_15,0.000279749644768207
million_8,0.00027969879563319826
earnings_13,0.0002795725959166429
justice_13,0.0002795423470821243
economics_1,0.00027938693003487627
marriage_1,0.0002793190216694836
happy_7,0.0002792633520158246
virginia_4,0.0002791789538270577
DOW_JONES_15,0.0002787097023586692
society_8,0.0002786275199147423
financial_12,0.00027860815862835753
blacklist_17,0.00027860365259882837
color_14,0.00027855752296050663
return_14,0.0002784841815754809
nasdaq_20,0.00027846364503681455
million_4,0.00027832191702144353
restaurant_19,0.0002782503358757795
restaurant_17,0.0002781194922902708
york_15,0.0002781149308293687
return_18,0.00027782013156661483
color_5,0.00027777737397407485
governor_19,0.0002777468489060317
metals_19,0.0002777393458921097
washington_20,0.00027766951387413256
firm_5,0.000277530269982553
act_19,0.00027749079774371703
transaction_4,0.00027747362361723693
oil_9,0.0002770769248908219
federal_2,0.0002770587559581801
judge_15,0.0002766877155625317
technology_1,0.00027660177041735786
president_14,0.0002765158787355142
wisconsin_7,0.0002763829135234914
bubble_13,0.0002762718338597919
marketing_6,0.000276015906212484
blacklist_9,0.00027594424300968516
inc_10,0.0002758283295470199
energy_1,0.00027571271589464983
food_14,0.0002756835735925348
secretary_2,0.0002752751049495128
loss_11,0.00027527412727071734
restaurant_2,0.0002751500769840711
present_15,0.0002750521558793446
restaurant_11,0.00027502698666596875
loss_13,0.0002750050752998446
senate_5,0.00027487067711910463
justice_15,0.00027468099543935314
firm_10,0.0002744904364981137
markets_12,0.0002744794621558059
gold_8,0.0002744437194858942
election_19,0.0002743765724147004
crash_13,0.00027427730822070055
restaurant_15,0.000274256423457397
marriage_19,0.00027402650192055245
car_16,0.0002739680490795649
bonds_17,0.0002735387787391054
case_19,0.00027343008894175025
growth_2,0.00027342917532613686
buy_2,0.00027340867850200945
marketing_13,0.0002731059609830205
markets_16,0.0002730708008907609
committee_8,0.0002730065845369125
unemployment_7,0.00027290538001439993
texas_2,0.0002728475375501796
democratic_10,0.00027282170219844617
garden_3,0.0002727457582647995
cash_1,0.0002726872263616522
bubble_16,0.0002726429515429488
headlines_5,0.0002725715048270698
democratic_5,0.00027255223111159196
arts_8,0.0002724955479180889
act_16,0.00027225938527253833
stocks_7,0.0002722257921450367
oil_17,0.0002717937332859585
restaurant_1,0.000271665374449755
service_20,0.00027140563504198694
president_16,0.00027137618992334743
william_17,0.0002708506110480375
blacklist_10,0.00027081911975463546
products_9,0.0002707365784192329
return_1,0.00027073635424533575
ministry_15,0.00027067675895203953
politics_17,0.00027028183051669587
financial_2,0.000270082735920827
restaurant_9,0.00027005236549564667
justice_2,0.00026991221845193035
return_6,0.0002697223479821474
trader_12,0.00026968668213073985
unemployment_19,0.00026943286491357317
union_2,0.00026915874006459454
happy_20,0.00026906513398549265
act_12,0.00026906125078455037
vermont_1,0.0002690544566869061
ring_3,0.00026905188579549476
district_14,0.0002689595650322334
office_15,0.00026875527682197113
political_16,0.00026865212665732783
labor_13,0.0002685705742905037
industry_10,0.00026851719986011724
cash_11,0.0002685130833988999
happy_17,0.0002683981402989181
services_15,0.0002683887275255832
marketing_16,0.0002683545403202296
business_16,0.0002683192717478842
society_10,0.00026829171495589053
companies_10,0.00026828821787522946
debt_17,0.00026826604385402514
million_12,0.00026818465752240803
products_3,0.00026810776108007907
court_11,0.00026783501839862606
business_15,0.00026767697220968483
financial_7,0.00026754470655979866
york_12,0.00026754428071718326
financial_15,0.00026747558615933514
risk_12,0.0002674586608964847
fun_6,0.00026731789256641394
arts_12,0.0002672976490519736
services_6,0.00026716206779775226
ohio_19,0.00026715156907163273
labor_15,0.0002671502121648911
kentucky_8,0.0002670105683605601
unemployment_3,0.0002669428186439164
garden_12,0.0002669244109059219
government_8,0.0002669006357294641
development_9,0.0002668834348699785
federal_16,0.00026681872798740337
buy_9,0.0002667963144479931
federal_20,0.0002666249139588953
project_2,0.0002665135455364464
legal_13,0.00026646538007116255
culture_3,0.00026641946112443854
loss_20,0.00026612642928780045
credit_11,0.000265886283899085
fun_8,0.00026570158437244835
movement_7,0.0002654516594362843
technology_20,0.0002654301754935164
union_6,0.00026497931468738974
ore_18,0.00026496418073262105
housing_13,0.0002649040158186708
fed_13,0.00026476894799379194
act_14,0.0002647645905989138
development_12,0.0002647343533766971
industry_12,0.00026464014506685866
holiday_7,0.00026452805300566186
judge_8,0.00026450777893182966
DOW_JONES_13,0.00026444919196380844
cancer_20,0.00026440269709491316
georgia_13,0.0002642938877618177
ltd_1,0.00026416714554149665
blacklist_16,0.0002640803867060065
founded_2,0.0002638982401070253
energy_12,0.0002638740319446318
inc_1,0.00026383166669208545
holiday_4,0.000263688466343912
social_10,0.0002634919624714893
senate_7,0.0002634882881509937
political_20,0.00026347210105127477
success_5,0.0002633765503974603
society_18,0.0002632584817829421
party_20,0.00026325302261068765
technology_16,0.00026308485795946244
banking_2,0.0002630494196537924
republican_19,0.000263018959510917
social_18,0.0002627204550431153
dow_jones_18,0.00026271855011451427
investment_4,0.00026262418064530144
unemployment_4,0.0002626019970275211
marriage_6,0.0002625766049220275
office_3,0.00026241375091486606
crisis_11,0.0002623644574436017
water_15,0.00026233924124977254
service_8,0.00026228956574867785
global_3,0.0002622802681384188
pennsylvania_7,0.00026218669396433427
market_12,0.00026204446095683695
wisconsin_11,0.0002619328516325616
dividend_12,0.0002618311049543211
financial_19,0.0002616533961581115
economics_10,0.00026159337008438096
financial_1,0.0002614662032468904
corporation_12,0.00026143110806396697
elected_5,0.0002611606410215435
market_19,0.00026101240475759536
portfolio_7,0.0002609821777937714
massachusetts_2,0.00026073420165677124
police_17,0.000260722664598841
arts_15,0.00026049681271022896
trader_5,0.00026043947555687736
risk_3,0.00026043570384091784
texas_8,0.0002602845504829037
political_12,0.00026013217367945823
rights_1,0.000260008561521278
money_4,0.00025996684585431626
missouri_18,0.00025985545892366646
party_2,0.0002597546341043235
election_16,0.0002597384661413308
nyse_4,0.0002596924630723435
judge_6,0.0002596699153799931
banking_14,0.0002596321094814559
million_1,0.00025956754647679816
pennsylvania_18,0.00025954202532087124
leverage_11,0.00025953997843252915
ltd_17,0.00025951735328669446
restaurant_7,0.00025942246536330744
william_13,0.0002593798751556895
conflict_18,0.00025928501052938725
home_1,0.00025925527369309153
bank_18,0.00025920762000109773
business_7,0.00025918425781498467
ring_7,0.0002591761114936858
markets_8,0.0002589313781979132
kentucky_13,0.00025892555641365324
pennsylvania_20,0.0002588812788239752
energy_18,0.0002588079918771532
political_19,0.00025870482238810993
ring_5,0.000258689506510816
case_5,0.0002586701539932572
washington_16,0.00025858640788237354
government_11,0.00025825338567054277
restaurant_8,0.00025819534644565566
train_18,0.00025815496217354
blacklist_12,0.0002580399222330324
act_2,0.00025801589497158263
york_10,0.00025800805114742186
train_19,0.00025783674432985367
police_10,0.00025764987631915785
gain_2,0.00025748288463236114
industry_2,0.00025743593389443236
return_16,0.00025738213304679234
sell_17,0.0002572860501843839
secretary_18,0.0002572785006132134
governor_20,0.00025701078818107825
travel_1,0.0002569370648566757
inflation_14,0.00025684864359789785
corporation_1,0.00025672036580338985
holiday_12,0.00025664268355681636
election_3,0.00025662740623537124
social_8,0.0002564410243453965
gold_20,0.0002564325453222552
companies_4,0.00025604198402825833
minister_17,0.00025598938975874625
district_11,0.0002559581598576754
ring_12,0.0002559199586270148
business_6,0.0002557682897251454
financial_11,0.00025573194824912514
cash_7,0.00025549948090367047
banking_18,0.0002552282918296801
democratic_9,0.0002552239033336309
tennessee_16,0.00025520178751575984
judge_13,0.0002550265878509201
consumption_3,0.0002549967395796386
environment_1,0.00025491358798890215
carolina_15,0.00025479820333712387
bonds_20,0.0002547916829756351
car_1,0.00025467462509049817
bonds_4,0.0002545535560890975
illinois_6,0.0002545173329609879
act_1,0.0002544895721962042
washington_12,0.00025439696276996525
loss_2,0.0002540262710154888
federal_12,0.0002538241714541993
portfolio_5,0.00025379932280857563
fun_14,0.0002537483601859801
bubble_20,0.0002536936114722779
members_8,0.0002536758735147896
car_3,0.0002536277857273151
william_4,0.00025354622549582574
lifestyle_19,0.000253488310274721
economy_16,0.00025345371687807237
massachusetts_1,0.000253320247298242
york_1,0.0002532082811805517
gain_4,0.00025319907629106007
stats_19,0.0002531698196906422
york_8,0.00025315593933969763
inflation_9,0.0002531257949118642
secretary_6,0.0002531161670088219
office_7,0.00025284165672002267
metals_18,0.0002528052649875769
firm_11,0.0002523765590993438
kitchen_1,0.0002522944929201185
economics_14,0.0002522688209458823
ring_20,0.000252025771487554
voters_20,0.00025202536905555056
default_10,0.00025198279723469004
police_16,0.0002517722579473056
act_18,0.000251744735579088
debt_8,0.0002517245143629888
housing_7,0.00025161713813810646
william_7,0.0002515822456222043
services_5,0.0002514951483859084
georgia_19,0.0002514866614538407
DOW_JONES_9,0.00025135243656233
project_4,0.0002511806994790244
religion_11,0.0002510710371032305
project_9,0.00025100660610297886
carolina_6,0.0002507896536041489
party_19,0.00025074735234570036
lifestyle_2,0.0002506598057365315
representatives_9,0.00025065087744685437
technology_11,0.00025064678004575237
default_14,0.00025064438250972404
act_13,0.0002505322196999017
texas_10,0.00025039512934015067
money_1,0.00025020672352324614
community_13,0.0002500461086697425
law_8,0.0002498169106130153
housing_20,0.0002496945201333273
garden_8,0.00024953023895306174
hedge_15,0.00024946599410999575
war_20,0.00024927998995548004
inc_7,0.00024919947049537717
federal_7,0.00024912029438309947
ring_11,0.0002490064029113053
minister_11,0.000248957913280599
massachusetts_4,0.00024895725524010857
hedge_13,0.00024872007425419824
kentucky_2,0.0002486701835269649
act_17,0.0002486143825060993
political_5,0.0002484997054810658
senate_14,0.00024846649141363497
consumption_6,0.00024839128350278813
housing_1,0.0002483811358008521
corporation_20,0.0002483684305933915
movement_12,0.00024825670777017003
happy_2,0.00024814214812955774
finance_1,0.00024802310535745794
security_4,0.0002479008400094941
corporation_2,0.0002478235267816875
dow_jones_6,0.00024753379209444654
arts_19,0.0002475205545442107
county_1,0.0002473014724815218
service_17,0.00024706784585063396
senate_12,0.0002469784766256192
ltd_13,0.0002468710940196438
restaurant_4,0.00024685663133384295
movement_17,0.00024684669478187683
market_11,0.0002464785189529799
representatives_18,0.0002464538153333091
massachusetts_10,0.00024624541260750553
companies_2,0.00024623633778002427
georgia_3,0.0002461682305052929
federal_1,0.00024596143531204655
companies_12,0.0002458953856759613
buy_5,0.0002458341137926109
case_12,0.000245527276658615
ceo_10,0.0002454749849637665
rights_6,0.00024506436054171966
community_9,0.00024506095888559984
technology_7,0.00024506024068058594
fun_13,0.0002448233083913988
car_7,0.00024479652638324
stock_market_19,0.00024476793701671943
economic_18,0.0002446103283595946
stock_market_10,0.0002446088835751027
dividend_1,0.00024460661784759564
housing_12,0.00024460326267953484
arts_7,0.0002445001239197145
vermont_17,0.00024434301983393436
republican_12,0.00024399203678876873
industry_5,0.00024392406881754093
stock_market_2,0.00024389626003093248
hedge_10,0.00024389365985832945
lifestyle_14,0.00024371086002530692
bank_15,0.00024366577582432287
services_3,0.00024353069954940096
wisconsin_4,0.00024333253612928636
founded_6,0.0002432881157938148
representatives_3,0.00024327890121253657
markets_5,0.0002430168547356576
risk_16,0.00024298492302383598
revenue_20,0.00024294558068519348
massachusetts_20,0.00024294462057044934
inc_14,0.00024289693691709446
stock_market_5,0.000242746934313273
politics_18,0.0002426563195575994
revenue_19,0.00024248755901053353
wisconsin_15,0.00024241167184408605
carolina_7,0.000242344444570659
ceo_14,0.0002422866870376179
office_6,0.0002422162688476524
legal_1,0.00024210580655398874
market_10,0.00024209313941991444
return_8,0.00024202300356431392
earnings_11,0.00024197638764920373
management_3,0.000241881111024927
seats_20,0.00024188044926713622
social_12,0.00024183719706989492
society_2,0.0002418364637111142
arts_14,0.00024182503247203554
governor_13,0.0002412281422541399
dow_jones_1,0.00024105874585930384
president_18,0.00024105637178178124
community_15,0.0002409006068909245
nasdaq_3,0.0002408709181122419
president_10,0.00024084864869264408
cash_9,0.00024083059955280206
massachusetts_12,0.0002408197430094699
fed_2,0.0002405827823063681
freedom_14,0.00024043217750261867
democratic_8,0.00024037227804048916
marketing_11,0.00024032159079104403
companies_3,0.00024006005072192956
carolina_9,0.0002399620574043933
rich_9,0.00023989683861408282
earnings_16,0.0002398870259847065
default_18,0.00023974650403692978
kitchen_4,0.00023958228912626458
banking_1,0.00023955143962656707
sell_6,0.0002394774540534471
return_13,0.00023934814164182168
present_1,0.00023931881019935655
finance_2,0.00023929648067100973
project_18,0.00023929361631825404
washington_15,0.00023925569644677513
republican_15,0.0002390366890347232
debt_20,0.0002390357758173083
party_14,0.00023891577617007412
secretary_4,0.00023877909974047895
freedom_2,0.00023870051135670953
fine_9,0.00023852781228139082
council_1,0.00023835579092472834
president_5,0.00023824380463642128
crash_10,0.00023804162954989272
conflict_10,0.00023794493266494378
seats_3,0.0002378094977947133
republican_9,0.00023780787744093622
republican_18,0.0002377842025995856
hedge_5,0.00023777022992778495
metals_2,0.00023754791317149814
tourism_15,0.00023753103390226945
religion_5,0.00023734409952725407
energy_11,0.00023731321092131994
crisis_1,0.0002372599150441211
debt_14,0.00023725671176980532
garden_20,0.0002369888755119655
dow_jones_11,0.00023685514213333175
management_15,0.0002365662198489483
car_17,0.0002364462814450716
economy_9,0.00023635988934989327
bonds_18,0.00023634859056846497
economics_16,0.00023610490696125363
rights_8,0.00023609354527578486
ceo_19,0.00023589834802675383
portfolio_19,0.00023584503739391917
dividend_8,0.00023582020822380035
dividend_20,0.0002357495409689347
bank_6,0.00023561573299352097
unemployment_10,0.0002355973206402569
ltd_20,0.00023555347546076372
debt_12,0.00023547236871079472
movement_2,0.00023537854559161988
banking_20,0.00023522673032166705
wisconsin_9,0.00023518832475093702
management_1,0.0002350653278651355
society_3,0.00023504728306243
secretary_15,0.00023500576745969035
founded_18,0.00023499320062199213
bonds_10,0.00023499007233497525
energy_17,0.00023491538279902838
opportunity_15,0.00023485187872603563
health_15,0.0002347544026432882
security_18,0.00023474893768777217
products_10,0.00023473974063638336
markets_13,0.00023469920359453335
gain_9,0.00023457982115953753
industry_20,0.00023454209000470502
million_3,0.00023449157979873385
case_3,0.00023445506153212304
dow_jones_14,0.0002344352131439389
stock_market_9,0.00023436341586361792
court_5,0.00023435089687842488
gold_1,0.00023424367697897743
loss_1,0.00023401123740244027
council_17,0.00023393970157845108
housing_18,0.00023390286053554904
financial_6,0.0002338845013899985
food_12,0.00023383199644870322
crisis_4,0.00023383174634648181
government_19,0.00023382235168400016
metals_4,0.00023352167198973872
ltd_3,0.00023342864242488444
kentucky_1,0.0002334125243205578
cash_5,0.00023337670638835182
train_3,0.000233271573234566
ceo_11,0.0002332371843990602
police_19,0.00023312018086447115
cash_12,0.0002330549940355581
ministry_10,0.00023283818611682152
headlines_20,0.00023262024807294983
conflict_20,0.0002326059291071995
secretary_17,0.0002325627786225552
investment_9,0.0002324829718265764
million_9,0.00023228871831089707
global_1,0.000232233353976735
default_7,0.00023209436138306406
companies_20,0.00023199533079970488
financial_18,0.0002317347715618054
debt_10,0.00023165857572348176
movie_13,0.00023163016610992606
growth_1,0.00023150150169090782
global_9,0.0002313625174148016
business_3,0.00023120967364054486
buy_20,0.00023101556968591137
wisconsin_2,0.00023083910639309162
council_18,0.00023066596213711286
markets_9,0.00023063125596698025
cash_16,0.00023060419397646998
business_13,0.00023035488264218704
law_18,0.00023035324061482145
william_14,0.00023026486629686732
democratic_20,0.00023025087397943238
finance_16,0.00023024456270469558
york_13,0.00023002574053202805
act_6,0.00022991882867466845
ministry_1,0.00022987357666071073
virginia_18,0.0002298229802396594
missouri_1,0.00022980301506724316
georgia_12,0.00022911935591834654
vermont_10,0.0002289366243763556
consumption_13,0.00022855411364454647
headlines_1,0.00022840642733781656
nasdaq_2,0.00022836763870496746
missouri_2,0.000228084174148453
cancer_1,0.00022805343766544168
illinois_7,0.00022790890913748657
media_12,0.00022754749752198778
justice_18,0.00022753237896032093
culture_2,0.00022752945664147162
police_8,0.00022733743296155534
energy_8,0.00022732054292936362
oil_4,0.00022726100099290848
politics_16,0.00022724421207604914
profit_15,0.0002271754809655167
project_20,0.0002270571082652465
bubble_15,0.00022696577921917026
judge_10,0.00022690175707885404
community_14,0.0002268545959109867
gain_16,0.0002267801828407694
ceo_17,0.00022677998901618574
party_11,0.00022657802773028938
trader_2,0.00022653844491992507
profit_13,0.00022646944852843708
act_8,0.00022645895164292578
money_9,0.00022641699687336373
million_11,0.00022631901333780406
crash_5,0.00022618229484335517
business_8,0.00022584631167445752
vermont_3,0.0002258108880126139
loss_17,0.00022567241736859984
lifestyle_1,0.00022566387755362343
william_8,0.0002255996890020194
risk_11,0.00022553024901827615
markets_19,0.00022525904562071807
massachusetts_3,0.00022519319620445576
marketing_3,0.00022508488297132595
president_8,0.00022501276154484378
energy_20,0.00022481539087246757
committee_6,0.00022480741391282444
hedge_11,0.00022465277707238622
minister_15,0.0002245892577215782
companies_17,0.00022445463989344597
legal_8,0.0002243270980787432
texas_17,0.00022422962231151173
secretary_9,0.00022410289725628625
invest_15,0.00022374185571336503
lifestyle_9,0.000223727710392716
carolina_5,0.0002234161583485625
ohio_18,0.00022341372897146048
media_5,0.00022305488715032234
council_6,0.00022302137923277952
car_10,0.00022298849582715925
return_17,0.0002228704852002518
travel_13,0.00022284451102853262
illinois_19,0.00022283839746797457
dow_jones_4,0.00022280591384758654
loss_4,0.00022267814556754963
marketing_14,0.00022267552007301406
culture_17,0.00022262146922726625
car_4,0.0002225964062907364
ministry_5,0.00022255989387164402
travel_2,0.00022238260224572754
technology_13,0.0002222712948083468
environment_10,0.00022209908688706272
car_12,0.00022193069160804144
project_19,0.0002218898847644733
portfolio_17,0.0002218837756316602
college_2,0.00022183578289369666
crash_11,0.0002217087570496729
stats_16,0.00022170265465610645
markets_11,0.00022166386308580224
marketing_18,0.00022160703289079853
economic_8,0.00022155646916563522
democratic_4,0.00022153230272225151
firm_8,0.0002215246450495005
virginia_1,0.00022121516597390972
fine_2,0.00022078727405975556
judge_3,0.00022077079732423692
social_11,0.00022064010788507284
debt_15,0.00022061448613583927
votes_11,0.0002204964457011276
service_3,0.00022028309163947142
banking_15,0.00022010101473574114
growth_5,0.00021988438938530075
holiday_3,0.0002196069072300922
rights_20,0.00021946389306262747
products_6,0.00021944730918952614
water_8,0.00021937949913398608
oil_7,0.00021932112836462155
political_15,0.00021918079230799943
illinois_17,0.00021917834841346965
oil_16,0.00021914388930569352
justice_17,0.00021910310909323437
vermont_5,0.00021872834243287753
travel_15,0.00021865564224646123
judge_20,0.0002183618805134998
office_20,0.00021809843302420388
project_7,0.00021803309837167318
banking_8,0.00021795441939935796
stock_market_17,0.0002177933902840142
holiday_13,0.00021771145485766994
bank_16,0.00021770294736338531
rich_18,0.0002175706872417166
risk_17,0.0002175698172554479
rich_17,0.00021756871762344202
william_10,0.0002174645945989555
food_20,0.00021737282003873946
inflation_12,0.00021719887263936465
ohio_7,0.00021701110305333559
members_15,0.00021699572106960145
companies_13,0.00021693296182397976
headlines_12,0.00021682416779355442
unemployment_15,0.00021677584053238864
housing_14,0.00021647473046253367
money_7,0.00021641516537852142
rich_12,0.00021637481992956633
portfolio_1,0.00021633584881578362
social_17,0.00021629363511699388
portfolio_14,0.0002162216635674405
crisis_10,0.000216142031629704
politics_11,0.0002161334657061287
vermont_20,0.00021592610231055623
growth_7,0.000215917395252967
members_6,0.00021587639474313292
seats_1,0.00021587112353926456
justice_5,0.00021574448866205873
earnings_2,0.0002157335862534435
financial_20,0.0002157230773423685
ohio_15,0.00021571983065659154
law_10,0.00021559986046847498
returns_3,0.0002155913230400901
court_20,0.00021555504608499363
restaurant_20,0.00021517404027085276
justice_19,0.000215167095825892
rights_11,0.00021515632350146448
world_8,0.00021509741474598192
stats_5,0.00021504734829407758
kentucky_6,0.00021495954283009
travel_4,0.00021469988784126397
kentucky_5,0.0002146956734229639
ceo_4,0.00021460381097173638
committee_9,0.00021459749231248214
million_14,0.00021443368896509254
media_8,0.00021427456512222766
movement_13,0.0002141189878090285
loss_19,0.00021411177397184116
sell_10,0.00021409523400478606
missouri_16,0.00021408807315799475
banking_3,0.0002140559885110633
money_13,0.00021405459027791295
corporation_17,0.00021405326298135413
cancer_17,0.00021400082139339685
transaction_15,0.00021393292280262938
firm_4,0.00021392011311507027
marketing_20,0.00021387872095534165
bonds_2,0.00021373262776639896
ministry_13,0.00021371652135176078
earnings_18,0.00021362680372910672
lifestyle_8,0.00021359343051530801
ministry_9,0.0002135264950637597
environment_6,0.0002135003920846551
york_5,0.00021347195219579798
marriage_9,0.00021330231969526403
carolina_18,0.0002132707128676827
votes_3,0.000213125997326474
president_1,0.00021295352021898602
fun_19,0.0002129054731483413
environment_5,0.00021289283247395436
vermont_8,0.00021288598179212818
labor_10,0.00021287704044007326
ltd_5,0.000212758111824959
votes_4,0.0002127540101269869
water_18,0.00021274602540196418
profit_12,0.00021270571826974258
train_2,0.00021243917076290778
representatives_19,0.0002123672372899516
DOW_JONES_1,0.000212130599340296
illinois_2,0.00021209025635497047
conflict_15,0.0002120426668109463
energy_5,0.00021198818491087945
fun_10,0.00021193070580960581
kitchen_12,0.00021184985289267175
technology_19,0.0002117630289266454
members_1,0.00021174667894565928
companies_16,0.00021171104047540366
growth_14,0.0002116712367840462
happy_15,0.00021157788523203601
dividend_14,0.0002115746395775063
development_18,0.0002115421734528497
growth_20,0.0002115114536369344
debt_3,0.00021142258767228213
firm_13,0.00021136247781340826
travel_18,0.0002111928059958095
buy_18,0.00021102263283018956
bubble_8,0.00021094884872388338
cash_20,0.00021076487504471757
law_19,0.0002107621251602443
missouri_17,0.0002107312732394657
dividend_10,0.00021060808788621075
risk_6,0.0002105189237456401
governor_2,0.0002103463527576321
crash_7,0.00021031946432921873
color_13,0.0002102853480724689
pennsylvania_8,0.0002101643189799245
growth_12,0.00021013585162572048
tennessee_14,0.00021004722064925637
oil_13,0.00020990701932365323
profit_11,0.00020990646854438465
blacklist_15,0.00020989730083445152
present_9,0.00020989052619785163
republican_3,0.00020980445440406024
arts_1,0.0002097109827040493
train_12,0.00020963790702703544
president_6,0.0002095587427406725
banking_19,0.00020942396043166126
police_13,0.00020940766308208324
loss_7,0.00020936455228726678
DOW_JONES_7,0.00020925488510488196
unemployment_18,0.00020925243532240743
vermont_16,0.00020922935892347128
union_7,0.0002088930844699524
members_11,0.0002086990527385556
fun_15,0.000208698167677951
democratic_13,0.0002085846412881544
federal_6,0.00020853840345309876
economic_1,0.00020840323337149483
carolina_13,0.00020830648580386868
ohio_13,0.00020822858229913502
lifestyle_15,0.0002081538246317563
district_7,0.00020790078443796693
development_8,0.00020743300563592373
cash_18,0.00020736759030536914
politics_13,0.00020705736750257673
college_10,0.0002070199954747575
political_9,0.00020700817130104782
minister_12,0.00020699129728613165
religion_12,0.00020684889789508295
arts_10,0.0002068462496204994
governor_15,0.00020677295014655115
money_10,0.0002065632738377312
trader_19,0.0002064295465258054
trader_14,0.0002063118336954929
DOW_JONES_17,0.0002062185639287018
dow_jones_10,0.0002061146342065365
minister_6,0.00020608058964396265
virginia_20,0.00020578733493568533
industry_18,0.00020574371870419087
president_19,0.0002057425587825988
georgia_1,0.00020549502980133944
food_7,0.00020540445109487411
william_1,0.0002053027188472713
fine_14,0.00020526205515146274
corporation_15,0.00020501470666024987
sell_19,0.00020500219843187784
illinois_4,0.00020498099898251531
dow_jones_3,0.00020494465648275746
environment_13,0.00020489580926479553
society_20,0.00020485624238269153
vermont_15,0.00020484597236266366
banking_16,0.00020476615907670092
arts_18,0.00020475441764777934
credit_3,0.00020473708706986824
color_17,0.00020437111733691412
inc_6,0.0002042925851440824
train_9,0.00020423297458573177
transaction_8,0.00020422187715156182
industry_4,0.00020417292696182248
house_6,0.00020407695840124324
oil_20,0.0002039827898753235
pennsylvania_14,0.00020387221891730541
ohio_1,0.0002037412649568591
kitchen_9,0.00020362488879027102
hedge_2,0.00020359909249964022
wisconsin_14,0.00020359257406685219
political_17,0.0002035188891715015
financial_9,0.00020350942684706707
legal_7,0.00020349212228121526
nyse_17,0.0002032826882108386
politics_15,0.0002032596570124744
present_3,0.0002031521241863795
million_17,0.0002029163492224217
tourism_7,0.00020288985559858413
illinois_18,0.00020275891469469218
media_18,0.00020261180979669962
transaction_12,0.00020259195209849077
crisis_14,0.0002025907348914684
banking_10,0.00020227589773936218
police_15,0.00020227506251812552
service_18,0.00020223180444837796
dow_jones_5,0.00020169289388422725
debt_1,0.00020159717356641745
corporation_11,0.0002015193304785302
arts_11,0.00020130813084477206
consumption_4,0.0002011430397608915
politics_3,0.00020088914988651544
hedge_9,0.00020080766054101767
movement_3,0.00020055662166596866
virginia_12,0.0002004607656075719
environment_3,0.00020018917641265494
illinois_12,0.00020012267352010905
government_16,0.00020010806875037887
risk_5,0.0002001009099963285
labor_11,0.00019995880874310411
default_17,0.00019977781322999067
debt_19,0.0001997297985278403
finance_12,0.00019971441289108035
lifestyle_17,0.0001996577678710513
money_12,0.00019955872308684573
industry_14,0.00019950876993556242
wisconsin_6,0.00019933082677670044
justice_16,0.00019921640577668108
case_4,0.00019912229018947698
environment_14,0.00019909062757990926
metals_17,0.0001990028566789172
government_15,0.00019889378770540924
law_15,0.00019856984173572014
office_2,0.00019834151554735076
companies_18,0.00019830262727927976
police_12,0.00019806920046684225
opportunity_8,0.00019805930241017223
rights_19,0.00019786550043917066
crisis_5,0.00019784425450410296
council_16,0.00019781716949629691
cancer_9,0.0001978016677865346
tennessee_10,0.0001975729347425869
gold_12,0.0001975149933221637
york_20,0.0001975045933284714
debt_7,0.00019728058584557052
district_2,0.0001972764216946271
bonds_5,0.00019725349370250115
act_11,0.0001972065858963921
energy_10,0.00019710073291757612
development_7,0.00019703802747385302
democratic_19,0.00019694241595579232
wisconsin_20,0.0001968623162130941
banking_9,0.0001968321572513928
religion_9,0.00019676486522880856
growth_4,0.00019670386710127948
political_6,0.00019669912256440106
markets_18,0.00019667385712734395
representatives_8,0.00019653391293613601
virginia_3,0.00019645882333176173
council_5,0.00019637714205192374
cash_17,0.00019637392566926567
investment_19,0.00019634429632151492
fed_17,0.00019621658146086276
products_1,0.00019597135859734122
founded_9,0.00019580220459414658
economics_17,0.00019577024677257056
marketing_8,0.00019567319525226905
committee_14,0.00019550416380618012
leverage_5,0.00019526983487281682
rights_3,0.00019510531596058172
virginia_7,0.00019504838483772676
elections_12,0.00019492494716560552
home_17,0.00019484116164978266
society_6,0.0001945633888730862
markets_17,0.000194511319134613
bonds_1,0.00019448737058552754
service_7,0.00019429939530197707
war_5,0.000194021314941918
pennsylvania_1,0.00019384937239341673
pennsylvania_5,0.00019381543889606298
holiday_19,0.00019376415767051157
DOW_JONES_19,0.00019365156255582653
market_1,0.00019335954845814204
market_5,0.00019323418823921705
nyse_9,0.00019317108932381593
ore_11,0.00019302634211610306
gold_9,0.00019294945700762086
bonds_12,0.00019287515050456748
cash_3,0.0001924724564959295
chance_15,0.00019244584673038952
opportunity_1,0.00019227636448058725
conflict_3,0.0001922137087421533
crash_9,0.00019218519550908683
stock_market_12,0.00019209457136351148
pennsylvania_17,0.00019204214589177323
ltd_18,0.0001919523219096726
bubble_19,0.00019187253950731073
DOW_JONES_10,0.00019179728475068067
rich_14,0.00019173309029675648
economic_12,0.00019172623043226311
voters_4,0.00019171644158669907
county_15,0.00019169268657353477
companies_1,0.00019165228397567964
unemployment_17,0.00019142559433754167
committee_16,0.00019117851542966682
bubble_1,0.00019105985258946627
ministry_4,0.00019094521876388234
massachusetts_16,0.00019087617448828247
cash_8,0.00019074534500537873
revenue_12,0.0001907146591650755
stocks_14,0.00019068307623415793
profit_6,0.00019067728173451505
political_7,0.00019057802308910984
texas_7,0.00019055721762785782
travel_7,0.00019046604051932637
headlines_8,0.0001903703892035047
legal_14,0.0001902364685177126
conflict_12,0.0001901828034880173
virginia_17,0.00018984848169719402
color_12,0.0001898240937816352
rights_12,0.0001897163940693696
products_20,0.00018969174763485105
government_4,0.00018966013613845443
social_1,0.00018963263505426104
investment_15,0.00018962313510815831
global_8,0.0001896155948545761
committee_10,0.00018958038726454865
gains_5,0.00018955572691180765
marketing_15,0.00018952657881073347
DOW_JONES_4,0.00018951657910724293
committee_15,0.000189483053786709
legal_20,0.00018948234752091709
votes_15,0.00018942376561225958
development_15,0.0001893962097515836
opportunity_9,0.00018905987570428236
freedom_16,0.000188873988938578
economic_4,0.00018881592699964512
movement_6,0.000188577030577364
religion_14,0.00018852110662660016
police_20,0.000188520710646929
cash_15,0.00018842726207981772
success_10,0.00018833970391670757
train_7,0.00018814607332672375
firm_7,0.0001877933978309884
economic_10,0.0001877843537094213
debt_11,0.00018749349707105627
elected_20,0.00018737884879976927
dow_jones_15,0.00018734277885689422
returns_6,0.00018717625345318918
carolina_8,0.00018703694320232277
hedge_3,0.00018702328429269098
metals_12,0.00018670651934783093
fine_4,0.00018664149517171153
labor_6,0.00018642839118359508
republican_6,0.00018642816459980003
minister_20,0.00018611270797207031
environment_4,0.00018583334688511557
voters_8,0.00018575372835736884
founded_17,0.00018566370666058327
ring_18,0.0001855935567379013
office_11,0.00018545935098366188
media_10,0.00018545299978700136
world_14,0.00018536768332557565
culture_10,0.00018516369958010109
labor_4,0.00018514728152603247
missouri_12,0.00018505277866270525
earnings_15,0.00018494642280613203
fed_12,0.00018492136695109592
investment_14,0.00018482885715839987
labor_14,0.00018480981821009833
society_9,0.0001847939337850337
transaction_5,0.00018474366571386114
transaction_10,0.00018459458114376457
government_13,0.00018445373550817512
ohio_10,0.00018428635646632554
corporation_10,0.0001842250417297113
industry_6,0.0001841917044810268
election_5,0.00018413864178445737
massachusetts_13,0.00018399435057190325
crisis_3,0.00018392539195520612
products_16,0.0001836816697545209
minister_10,0.00018354724137295187
media_9,0.00018327573184935442
founded_12,0.0001831734662466558
travel_20,0.00018292657506932428
committee_7,0.00018276764858421855
return_3,0.00018264262465623543
ceo_16,0.00018246113752859355
founded_16,0.0001824487090422602
party_16,0.00018241433149236897
nyse_6,0.00018221995104608573
sell_16,0.0001820782673141008
nyse_12,0.00018187283972946153
district_8,0.00018175588182025036
DOW_JONES_18,0.00018170079893766432
freedom_19,0.0001816380940057312
georgia_2,0.00018161811532982198
car_19,0.00018156387958159436
ceo_1,0.00018148586151524546
travel_14,0.00018133946537825476
business_17,0.00018120912218014907
voters_7,0.00018108655201927633
house_7,0.000181054064154297
growth_9,0.0001809772980324207
metals_6,0.00018097040935298307
opportunity_12,0.00018083642647831138
corporation_8,0.00018074261421308237
dividend_16,0.00018067551763369477
finance_10,0.0001806187182238913
conflict_4,0.00018053968303031825
district_12,0.00018052734183202223
energy_13,0.00018029177739647292
investment_17,0.000180268059649337
travel_12,0.00018015143842609583
companies_15,0.00017948939903920255
governor_12,0.0001794855658576407
ministry_12,0.0001794724110862859
industry_13,0.00017947048423768745
leverage_14,0.00017933765067564252
consumption_20,0.00017929277546238908
democratic_7,0.00017922842671459552
senate_18,0.00017917520132669848
seats_6,0.00017911006494807406
cash_6,0.00017888004267673288
elected_1,0.0001786875249849769
conflict_14,0.00017868307172734288
opportunity_4,0.00017825529497685695
ltd_9,0.0001782540328324414
culture_8,0.00017804387127907448
global_4,0.00017793383289800186
rights_13,0.00017790068078736205
rich_10,0.00017789508875414484
rights_2,0.000177822095494259
metals_11,0.00017712442017730868
economy_19,0.00017706898776349885
pennsylvania_16,0.00017695237948622526
investment_1,0.00017694369292728293
conflict_13,0.00017689690811919197
members_18,0.00017674876222204425
bubble_9,0.00017665184583420945
financial_5,0.00017640185776616094
risk_13,0.00017631154522093992
legal_9,0.00017625368201386546
marketing_1,0.00017614374552307909
stats_1,0.00017604865396649006
legal_10,0.00017595956164925857
stock_market_1,0.00017586307744178872
economics_11,0.0001756420899579432
missouri_4,0.0001755507750695321
sell_5,0.00017536054358891965
security_7,0.00017531958259732822
court_15,0.00017531868308806963
tourism_6,0.00017514862792219468
ministry_18,0.00017499118502467653
technology_9,0.0001748680669097049
senate_13,0.00017481584767797047
members_9,0.0001746123632609834
stocks_8,0.00017452293403639161
tennessee_9,0.00017444655395616762
returns_4,0.0001743320793455357
democratic_1,0.00017430883442936783
portfolio_6,0.0001742723750074933
religion_19,0.00017420846985116313
gains_17,0.00017407407124958772
products_18,0.0001740643866763495
debt_9,0.00017390520861022867
dividend_17,0.0001737693523046117
society_13,0.00017356895321169995
massachusetts_17,0.00017335200570112847
democratic_14,0.00017329435360830924
unemployment_9,0.00017323479436188798
corporation_3,0.0001731671480661482
dividend_3,0.00017304822579013247
trader_11,0.00017283658457840022
missouri_19,0.0001727956862352337
marketing_12,0.00017273146261181094
firm_17,0.0001725336219212049
voters_13,0.00017225420682986811
default_9,0.00017212995672980335
election_15,0.00017204879210040103
cancer_18,0.00017186885926596065
default_6,0.00017175233380523568
crisis_18,0.00017172692678614425
labor_12,0.00017160473036067415
representatives_11,0.0001712783407833694
restaurant_18,0.00017123174510971813
georgia_20,0.00017113487021978938
economic_11,0.00017105401152570586
environment_19,0.00017101189816067194
train_10,0.00017084575850641255
oil_2,0.00017084161400345935
happy_12,0.00017081348093624286
rights_9,0.0001705906737495308
office_4,0.00017051467288992477
ceo_7,0.0001700989170850643
william_19,0.00017005360562580288
rights_14,0.00016988672768937168
gain_20,0.00016988594079617555
members_19,0.0001697439005870949
society_12,0.00016961562710289746
profit_8,0.00016952304453358473
headlines_4,0.00016946574031305198
present_6,0.0001694052458943418
present_8,0.00016939661069422397
present_17,0.0001692670026870697
elected_4,0.0001692119752854903
earnings_8,0.00016902704331644904
legal_2,0.00016878970350052885
loss_10,0.00016862124001517566
district_10,0.0001685771908259419
bubble_12,0.00016849489565345745
crash_1,0.00016847778991639585
freedom_20,0.00016822672001447426
stocks_5,0.0001681236278727168
blacklist_5,0.00016804436060498408
secretary_19,0.0001679509855115714
returns_20,0.00016794760079093016
credit_7,0.00016786633528341168
default_5,0.00016773940967229858
money_8,0.0001674734738953005
gold_3,0.00016717103315282738
arts_2,0.00016716339679800918
fed_8,0.00016714685112766635
secretary_20,0.00016711089868298178
virginia_10,0.00016708767735770758
community_5,0.00016677152777113272
unemployment_20,0.0001667608616157158
illinois_5,0.00016663470874736923
kitchen_3,0.0001665920944584983
government_3,0.00016657876042721465
inflation_16,0.0001665248596262659
fine_13,0.00016606472259553048
economy_17,0.00016585661014308287
justice_10,0.0001654661486937119
fine_16,0.00016537866313671754
gains_4,0.00016529571812266423
religion_13,0.00016524642522932473
members_12,0.0001650007131343008
virginia_14,0.00016454362614126927
kentucky_7,0.00016450142571872912
stock_market_4,0.00016421600620933983
ltd_7,0.00016412923076677833
present_13,0.00016409347549632217
media_3,0.00016403911117071558
cancer_4,0.0001640068505762804
district_15,0.0001639168112633232
governor_17,0.00016378695021493204
stocks_4,0.0001636666405061062
stats_18,0.00016342613064328185
metals_13,0.0001628964396106623
georgia_17,0.00016287249759190604
success_3,0.00016265614800551166
industry_1,0.00016257877658355612
housing_15,0.00016247751118610867
elections_20,0.00016242708121692707
politics_19,0.00016218084277025207
labor_2,0.00016204089534009906
justice_12,0.00016179729534522488
kitchen_18,0.00016153753795429223
gain_19,0.00016149200894507803
war_10,0.00016142542697902216
return_7,0.0001614156768590836
media_7,0.0001612932757528707
blacklist_7,0.0001611825596295276
act_3,0.00016105003706942548
lifestyle_11,0.00016096685649334079
social_4,0.00016090539530703012
fed_11,0.00016076331177019177
revenue_2,0.0001606991707422445
stock_market_16,0.00016065831866778668
industry_15,0.0001604661481603378
senate_1,0.0001603639716281037
votes_2,0.0001600787921508181
success_7,0.00016005346912490302
present_19,0.0001600168022196399
revenue_7,0.0001599439734382926
elections_15,0.00015974692492517817
fed_4,0.00015968078609005166
voters_3,0.00015957697478851863
tennessee_18,0.0001594184495988487
ore_1,0.00015939071658565044
secretary_11,0.00015933062260531776
chance_1,0.00015921544131867397
gains_18,0.00015910743915273695
rights_17,0.00015906067910622076
earnings_9,0.00015877352216034254
seats_2,0.00015873200921270655
tennessee_12,0.00015869399226342052
york_6,0.00015862226890886238
global_10,0.0001585599121086953
economics_3,0.00015848586170240798
labor_7,0.0001584160277121914
environment_12,0.00015826661747714548
investment_18,0.00015798333348877432
court_12,0.0001578661320114633
growth_16,0.00015756249469470808
risk_9,0.00015749455973531546
debt_16,0.00015747389068697067
culture_9,0.00015715779624079427
cash_2,0.0001570768424869006
society_14,0.00015670117086304442
dow_jones_8,0.00015668741575494853
republican_8,0.0001565776379067138
returns_11,0.0001562378781389756
revenue_11,0.00015590900728171443
labor_19,0.0001558767242040561
economy_11,0.00015582470416041505
firm_16,0.00015558679726291496
money_3,0.00015525534498954762
tourism_3,0.00015521522722893632
movement_20,0.00015507887873878894
travel_16,0.00015501580019573142
republican_7,0.0001548834843051494
ring_17,0.00015481074346120264
kitchen_17,0.00015475642828146168
crisis_16,0.0001546422417582488
georgia_5,0.00015413519283269994
stock_market_13,0.00015409436193401105
portfolio_12,0.00015406831660092128
ceo_9,0.0001539156917851898
ministry_17,0.00015385828063697442
tennessee_17,0.00015378207666661114
growth_10,0.00015366174390977106
elected_17,0.00015357020215107437
carolina_19,0.00015341465316935865
rich_16,0.0001533644513559276
political_13,0.00015319763185713155
economy_8,0.0001530271134026866
oil_5,0.00015292561625206494
media_1,0.00015285813679601225
ring_14,0.0001527284048993729
economy_20,0.00015255416987734977
ring_9,0.00015242813573080306
texas_18,0.0001523349783909901
society_11,0.00015213613133118292
dividend_15,0.00015203616291498305
nyse_10,0.00015176027629128087
success_9,0.00015170072906743137
ceo_15,0.00015161778524170371
court_14,0.00015161281603836972
bonds_15,0.00015157112632271016
growth_15,0.00015139843992259213
police_11,0.00015126757423049168
bubble_3,0.0001510727234053544
sell_18,0.0001507455229554173
project_11,0.00015071272793692493
fine_6,0.00015041010062956443
ore_15,0.00015009361411240797
stock_market_20,0.00015008953719780854
returns_18,0.00014978995895791972
debt_18,0.00014975727165815963
color_7,0.00014948505254090322
representatives_15,0.0001493714921499448
lifestyle_3,0.00014914584577956845
elected_14,0.00014891874257613743
housing_19,0.00014891238578320924
wisconsin_19,0.00014888014701701138
minister_4,0.00014880353929594647
returns_14,0.00014879087092099812
marriage_14,0.0001486982746052109
william_16,0.00014856512428302926
chance_5,0.0001483054997417969
fine_11,0.000148301274511645
conflict_7,0.00014819195614584657
crisis_9,0.00014816241950149696
risk_8,0.0001481596483588011
ceo_8,0.00014813366707114363
fun_20,0.00014804295642525275
trader_7,0.00014794213124575791
representatives_1,0.00014793507076371837
portfolio_15,0.00014765462487218258
profit_10,0.00014754289144474568
fed_7,0.0001475142296893157
committee_13,0.0001472923212911318
ceo_12,0.00014724768371142735
metals_9,0.00014706892827603873
founded_10,0.00014702671393775491
risk_7,0.00014692533386247134
present_4,0.00014684893609257177
senate_11,0.00014681690877186494
stocks_10,0.00014657096376014008
bubble_2,0.00014613867438501173
fed_3,0.00014606730862699445
government_9,0.0001460444742163705
police_1,0.0001457452370183821
marriage_13,0.0001457242016399052
headlines_9,0.0001456745273604329
secretary_12,0.000145665068210037
fun_18,0.0001456045553410782
debt_2,0.00014555882412705634
risk_4,0.00014528569288874667
police_4,0.00014510315591016032
political_18,0.00014502800593730675
society_4,0.0001448110813538831
trader_17,0.00014447208062155051
legal_3,0.00014438991235775462
housing_4,0.00014417167699270014
conflict_17,0.00014403705410705127
energy_15,0.00014393173185251235
missouri_15,0.00014386485340359874
rich_13,0.0001436841789024502
democratic_11,0.00014342167475541454
food_19,0.0001432505974794096
inflation_18,0.0001432281551558181
rights_18,0.0001429418083276089
founded_19,0.00014284384178580952
case_14,0.0001428432210049468
dividend_6,0.00014271327021962105
society_1,0.00014269766735436942
committee_19,0.00014255953935890086
fed_1,0.00014251672293874495
economy_2,0.00014241296677258036
lifestyle_12,0.00014235013391515413
nyse_3,0.0001421852156466551
profit_1,0.00014186330466553368
return_2,0.00014177170322008588
present_14,0.00014176736198768812
default_11,0.00014169741449010853
finance_4,0.00014157764134609715
crisis_15,0.00014151813875217442
legal_16,0.00014143364118933524
conflict_9,0.000141366704091663
elections_2,0.00014136651692904417
minister_13,0.00014115647134805166
culture_12,0.00014114237470704076
banking_17,0.00014087976048269464
headlines_10,0.0001407490611579719
rights_5,0.00014057892273198618
consumption_17,0.00014046846466638904
trader_16,0.00014040653711904587
political_11,0.00014005037414002646
investment_5,0.00014003977794720427
hedge_19,0.00013934802709401247
voters_12,0.00013898929818260622
garden_18,0.0001389627080322603
conflict_11,0.00013879356512320277
invest_17,0.00013858416722649475
nasdaq_15,0.0001383890177740458
movement_10,0.0001383586546539706
growth_8,0.00013818393879591576
minister_1,0.00013816379674402531
growth_6,0.00013802191668868744
inc_12,0.00013798744938682108
returns_5,0.0001376318187332441
marriage_17,0.00013732036510746053
opportunity_18,0.00013723770723367566
bubble_18,0.00013697152914927038
gains_6,0.00013676120474557973
products_2,0.00013672479316573886
corporation_18,0.00013662013514418163
kitchen_8,0.00013643849937555578
economic_5,0.00013637610488740438
oil_6,0.0001362792802626781
blacklist_1,0.00013626317951330832
opportunity_5,0.00013573968592713002
technology_4,0.00013551066982786907
labor_16,0.00013550830682487573
tourism_8,0.0001354488220192383
inflation_4,0.00013526450585643257
ministry_20,0.00013519301594574348
inc_15,0.00013506898349258177
members_13,0.00013483548710232568
marketing_19,0.0001345470576182496
technology_12,0.00013438257651578113
success_12,0.0001343581449476781
success_8,0.00013420813873066205
products_17,0.00013414032696823893
environment_17,0.00013377591861777696
justice_4,0.00013369265376147004
returns_10,0.00013332234079763505
committee_12,0.00013330544934853683
lifestyle_4,0.0001332122599898854
stats_6,0.00013310165259251215
tennessee_6,0.0001329092392086078
media_2,0.0001328382661770148
returns_7,0.00013283595116266522
economy_18,0.0001327207860003595
development_4,0.00013241056409656312
secretary_16,0.00013237996210214477
economy_1,0.00013210575421015045
ceo_3,0.0001320943992578005
crash_4,0.00013203379845071008
markets_10,0.00013182893128654152
freedom_3,0.00013176027968252036
carolina_4,0.00013145091547355018
rich_19,0.0001312783543921004
transaction_6,0.0001312583250163604
investment_3,0.00013068294646282437
firm_20,0.00013058775785767005
hedge_6,0.000130554425618152
founded_14,0.0001305346497180925
global_12,0.00013035618267821236
ltd_4,0.00013021917033775762
elections_10,0.00013020088221015347
present_12,0.00013009518186485019
council_13,0.00012979079657462903
stock_market_14,0.00012969848438184174
DOW_JONES_5,0.00012966597122486797
pennsylvania_2,0.00012963155677114382
companies_5,0.00012955385281535634
secretary_14,0.00012949024044679473
housing_8,0.00012943649879236757
rich_5,0.00012935633941569088
hedge_1,0.00012929287040509057
ministry_14,0.00012923962309128293
economy_4,0.00012909078534905375
stocks_17,0.00012898528215936347
economic_7,0.00012893987172212426
economics_7,0.00012884272939959598
economic_2,0.00012879024548003294
global_18,0.00012870412674303885
pennsylvania_3,0.0001286073493266934
earnings_20,0.00012860054908569652
pennsylvania_15,0.0001284903047820323
million_20,0.00012828399420366897
investment_8,0.00012824223033922538
ministry_6,0.0001279774549997383
tourism_10,0.00012787999315793075
revenue_10,0.00012783480193890367
environment_11,0.00012765922500280116
chance_7,0.00012765695018974164
georgia_15,0.00012756733337550622
legal_12,0.0001274155116647982
corporation_7,0.0001273566813615732
justice_20,0.00012728863013648979
judge_16,0.00012716897367652882
founded_8,0.00012714099582539389
risk_15,0.00012706818648168042
seats_8,0.00012688809698632654
ring_15,0.00012673127047726915
fed_5,0.00012654968226794228
ministry_2,0.00012629696880085388
senate_20,0.00012605495341805006
industry_7,0.00012595596664642013
dividend_5,0.0001259208976840109
lifestyle_13,0.00012557095151185448
bonds_11,0.00012553131557273804
headlines_15,0.00012532369621549025
crisis_12,0.0001250998366920986
economics_9,0.0001247326666734393
inflation_1,0.00012462874453008914
justice_6,0.00012427168305803707
chance_13,0.00012400422951861683
ore_19,0.00012398078050954853
founded_3,0.00012396106634531326
opportunity_3,0.00012395448110060417
oil_19,0.00012326160733995605
leverage_3,0.00012320972219046636
rich_7,0.0001230597510132656
portfolio_16,0.00012296060789968692
bonds_13,0.00012292582362788076
risk_14,0.00012268418006031368
ministry_11,0.00012257975667768288
gain_10,0.0001225289908705128
governor_7,0.00012224746534239753
stocks_16,0.00012219801128212444
ltd_19,0.00012203711507488323
profit_3,0.00012178588749159679
ore_17,0.00012162627945025951
crisis_19,0.0001208130615776802
profit_18,0.00012071791885514765
legal_5,0.00012068631573236411
vermont_2,0.00012036617228095034
nyse_20,0.00012027220141525516
money_2,0.00012016376032013066
marriage_12,0.00012009170093252212
trader_6,0.00011979633570724663
economics_12,0.00011955085126345826
profit_5,0.00011945075398799796
legal_4,0.00011944616081784422
ltd_12,0.00011909587070647919
opportunity_13,0.00011892461436711675
tourism_13,0.0001188993484617636
return_20,0.00011878700510805242
cancer_2,0.0001187864178909394
democratic_2,0.0001185692328185495
stats_17,0.00011846785999239528
default_13,0.00011833071496547667
profit_2,0.00011831010376794324
founded_7,0.0001180256799764896
movement_8,0.00011796441423305332
gain_1,0.00011774971641514462
arts_20,0.00011719882419554177
voters_19,0.0001171267731243647
gains_12,0.00011685511167970573
gains_19,0.00011632756842498366
invest_11,0.00011627628183953787
stats_15,0.00011595945637829424
fine_8,0.00011594525918178796
corporation_9,0.00011583086808240077
project_13,0.00011582021036070318
cash_10,0.0001156108508300158
government_10,0.00011552720076015144
marriage_20,0.00011541294496090512
voters_11,0.00011530054805431192
justice_8,0.0001152955950606909
members_17,0.00011496456500061451
secretary_8,0.00011488824025601562
stocks_11,0.00011483993539978416
consumption_7,0.0001141393216676451
consumption_16,0.00011413352552923988
default_8,0.00011399723398710458
ore_5,0.00011396372587650493
justice_9,0.00011395766129836488
democratic_3,0.00011368812628080616
economics_8,0.00011313446070549111
labor_5,0.00011252005753406124
crisis_6,0.00011234436099727363
opportunity_16,0.00011200218449354653
democratic_15,0.00011195213621630262
leverage_20,0.00011192463442025938
cash_13,0.00011145842507104956
stocks_13,0.00011132177820210597
judge_14,0.00011131523769384876
minister_19,0.00011124381404078716
metals_10,0.0001108745273655717
fine_15,0.00011074303255788864
success_2,0.00011062724927528449
hedge_12,0.00011045220992576615
firm_2,0.00011008590760529775
returns_2,0.00010954569495405857
housing_17,0.0001092384663098319
risk_10,0.00010891006505641606
voters_2,0.00010885436887557256
vermont_11,0.00010851733617409935
stocks_6,0.00010839123735082942
industry_3,0.00010759153381848752
massachusetts_14,0.00010734789177411617
portfolio_4,0.00010706142802918113
ore_16,0.0001069921332765051
nyse_5,0.00010660106447754982
minister_7,0.00010646075280748668
justice_11,0.00010637838891565911
loss_15,0.0001063555445321401
office_5,0.00010618067595029586
opportunity_6,0.0001060363677726915
wisconsin_17,0.00010587163407568603
seats_5,0.00010577753444981292
transaction_7,0.00010577138348770371
stocks_18,0.00010491353615621195
million_5,0.00010464801483616851
crisis_13,0.00010422415663617095
ore_13,0.00010417500853005825
bonds_19,0.0001039151056262286
bubble_7,0.00010370811617851171
headlines_13,0.00010283452208547129
gains_7,0.000102371491099325
investment_13,0.00010189941040445881
nasdaq_17,0.00010157255613042936
minister_5,0.00010153992128028846
stats_9,0.00010130974847697253
bubble_5,0.00010128514630994744
transaction_16,0.00010092381007903714
growth_18,0.00010082152369217664
governor_8,0.00010074087216721468
justice_7,0.00010032438917096677
bonds_3,0.00010011095665417503
returns_9,0.00010005867371245339
default_19,9.987440871153278e-05
dow_jones_9,9.982469627905827e-05
gains_20,9.881641369117074e-05
judge_7,9.85738249973754e-05
consumption_11,9.829933507854757e-05
bubble_6,9.7913899646373e-05
ceo_5,9.780025749789005e-05
profit_19,9.765527167111814e-05
firm_12,9.662984292979538e-05
fed_15,9.632804099765178e-05
war_18,9.62566939840087e-05
present_10,9.577955812913761e-05
stats_7,9.560719816637073e-05
hedge_17,9.558589525346507e-05
voters_17,9.542313077300511e-05
fine_19,9.519933981169008e-05
firm_14,9.431474325107579e-05
nasdaq_12,9.421913504581488e-05
leverage_2,9.39916957638465e-05
religion_8,9.383868765424442e-05
hedge_4,9.365390541819936e-05
bonds_14,9.35547518507023e-05
conflict_1,9.33628201821877e-05
voters_16,9.326393673264905e-05
revenue_16,9.265140078443448e-05
economics_13,9.254929189952251e-05
opportunity_14,9.244154429910952e-05
economy_5,9.18147283715738e-05
global_19,9.168319993031321e-05
seats_15,9.130783781732234e-05
served_17,9.075580741321689e-05
founded_4,9.067440413909413e-05
profit_17,9.057850144037205e-05
elected_10,9.05073275982885e-05
voters_15,9.047698459357271e-05
earnings_5,9.045206823205998e-05
ore_3,8.987520799848961e-05
ceo_20,8.970636672528957e-05
ltd_10,8.954824717035373e-05
tourism_14,8.952665193313136e-05
religion_18,8.940921657656946e-05
chance_2,8.924649637962533e-05
tourism_9,8.899875360381737e-05
gain_13,8.852082448852628e-05
trader_18,8.847682218569532e-05
ore_10,8.821178221809357e-05
fine_1,8.788412842819282e-05
gain_11,8.785342128937966e-05
fine_18,8.728940701607297e-05
companies_9,8.724434438311093e-05
pennsylvania_6,8.720529274856674e-05
revenue_18,8.717992888433665e-05
representatives_2,8.706241361422666e-05
inflation_15,8.675890792481782e-05
members_3,8.62464857157322e-05
ministry_7,8.495092869135993e-05
chance_6,8.487472312961663e-05
votes_17,8.334521057615273e-05
economy_3,8.328294862964053e-05
markets_4,8.23801199069531e-05
minister_18,8.193510722496859e-05
leverage_7,8.170013210141719e-05
judge_11,8.132230643546402e-05
elected_15,8.12765685612087e-05
elections_4,8.091306399532957e-05
nasdaq_6,8.05881993047251e-05
vermont_13,8.006516818212857e-05
ore_20,7.985405165635823e-05
color_9,7.97821706717074e-05
investment_11,7.969280992379327e-05
opportunity_20,7.966527906447573e-05
chance_17,7.965812910763214e-05
success_13,7.930403266012044e-05
dividend_7,7.90236106207718e-05
success_1,7.852187461495808e-05
tourism_20,7.850502165213661e-05
stock_market_18,7.79737959510526e-05
million_2,7.749835212293682e-05
revenue_3,7.74055904375499e-05
votes_18,7.700382723114977e-05
political_4,7.696144314744167e-05
votes_19,7.600165420697126e-05
founded_5,7.579736424693043e-05
elected_13,7.561661516685818e-05
nasdaq_4,7.403452439539469e-05
default_20,7.361384171668714e-05
opportunity_7,7.338592486428337e-05
success_20,7.32883113570128e-05
served_3,7.297324160141229e-05
headlines_19,7.225252623485797e-05
chance_14,7.214670458929987e-05
dividend_4,7.198259203008071e-05
minister_2,7.081640950536964e-05
tourism_11,7.053154149067838e-05
chance_16,6.955690016082977e-05
hedge_18,6.927115076469085e-05
seats_7,6.886536331967771e-05
marriage_4,6.754828408850215e-05
tourism_12,6.740932794823968e-05
minister_9,6.738918976228014e-05
movement_4,6.722869313695105e-05
consumption_2,6.621569890347846e-05
members_10,6.548913680128263e-05
ministry_16,6.546165279938447e-05
consumption_12,6.501493326357011e-05
fine_20,6.458811864694744e-05
inflation_3,6.439545589259868e-05
voters_14,6.43484906100873e-05
environment_9,6.349631792084887e-05
founded_11,6.33458006636337e-05
success_11,6.298855622416166e-05
representatives_16,6.174261418292063e-05
votes_14,6.084500224275487e-05
judge_4,6.003706204148797e-05
founded_1,5.972638845788204e-05
voters_18,5.8949178982701755e-05
rich_20,5.819155980803987e-05
risk_18,5.7457880666597985e-05
profit_16,5.6802567067874546e-05
stocks_3,5.5260354180605576e-05
inflation_17,5.5057805283068714e-05
transaction_11,5.4060991118919914e-05
members_2,5.379348076283132e-05
present_18,5.379165230364454e-05
elected_16,5.3024802010403624e-05
elected_3,5.164503985344242e-05
default_4,5.1591584629659416e-05
chance_11,5.119543196243403e-05
economy_15,5.10807435204224e-05
founded_13,5.059111309933091e-05
vermont_18,5.0510563073303684e-05
present_16,4.836476794034771e-05
gold_17,4.799507312688323e-05
chance_9,4.7776469688256446e-05
ltd_16,4.767695889801096e-05
debt_13,4.606084394900296e-05
nyse_19,4.562953012512119e-05
stock_market_8,4.5200506125673735e-05
served_5,4.487651823720151e-05
fine_3,4.4846135670731794e-05
leverage_16,4.483053407071932e-05
dividend_13,4.431222379797111e-05
served_11,4.3852130064603225e-05
ore_9,4.324098978904161e-05
nasdaq_10,4.30995208710732e-05
fine_7,4.309232465405003e-05
present_11,4.29231118335641e-05
headlines_14,4.2335755565409e-05
tourism_19,4.175435239918182e-05
invest_9,4.1690938285896586e-05
ore_12,4.157346969958059e-05
leverage_18,4.100227853920535e-05
votes_9,4.097096947465432e-05
gains_13,4.0766066477925286e-05
fine_12,4.0477232254827315e-05
fond_13,4.0035132433400365e-05
headlines_6,3.979825348490996e-05
bubble_17,3.918047156476169e-05
fine_10,3.898734365527652e-05
nyse_14,3.776713703021395e-05
leverage_8,3.552155367773215e-05
seats_17,3.543949998855011e-05
success_16,3.543713415386187e-05
seats_18,3.520972481167812e-05
leverage_6,3.459661632385241e-05
vermont_19,3.431786434539188e-05
transaction_3,3.349661176249187e-05
headlines_7,3.345036439388213e-05
nasdaq_13,3.28214958554319e-05
returns_15,3.256163801488229e-05
seats_19,3.244886339933849e-05
nyse_13,3.243107243987371e-05
seats_16,3.136347862566071e-05
nasdaq_18,3.121905976000768e-05
votes_1,3.097026110791571e-05
tourism_16,3.0287064745263702e-05
headlines_16,3.005815251239948e-05
transaction_2,2.890079139303491e-05
votes_16,2.859881883595447e-05
elected_18,2.6025867864763218e-05
consumption_5,2.5509966461325644e-05
nasdaq_19,2.5338528529148358e-05
leverage_13,2.4719155685035432e-05
served_6,2.4460878370584095e-05
founded_15,2.412109238318296e-05
returns_13,2.3658950566388748e-05
ore_8,2.303735614671901e-05
seats_13,2.2195575694888994e-05
gain_18,2.2067512731124235e-05
served_16,2.1060636148119603e-05
leverage_1,2.0879721670070506e-05
transaction_19,2.035318171776453e-05
chance_10,1.9425554285658477e-05
ore_2,1.777587779547263e-05
fond_4,1.6663608301672003e-05
leverage_17,1.5084371999260917e-05
consumption_19,1.4220792399254285e-05
elected_6,1.2493004377446877e-05
invest_16,1.2192395118360918e-05
served_2,1.2016109818305692e-05
trader_3,1.1975863855436304e-05
invest_8,1.1765161805243163e-05
nasdaq_9,1.1197652204755651e-05
gains_15,1.115982966359123e-05
served_13,1.0605447638384421e-05
transaction_20,1.0002853909842197e-05
gains_14,9.902391867739461e-06
ore_14,9.377667077553864e-06
elected_12,8.128437158561387e-06
served_15,5.615055756711773e-06
seats_11,4.662934533522713e-06
nyse_1,3.428665244202497e-06
leverage_19,2.6071975514908534e-06
gains_8,1.7853443476697573e-06
consumption_18,1.7146778836904816e-06
gains_10,1.5498482342554275e-06
fond_16,1.522505169568978e-06
served_20,3.55992027816488e-07
fond_10,5.596002470334054e-09
consumption_14,2.8386857154752073e-10
BUY_AND_HOLD_1,
BUY_AND_HOLD_2,
BUY_AND_HOLD_3,
BUY_AND_HOLD_4,
BUY_AND_HOLD_5,
BUY_AND_HOLD_6,
BUY_AND_HOLD_7,
BUY_AND_HOLD_8,
BUY_AND_HOLD_9,
BUY_AND_HOLD_10,
BUY_AND_HOLD_11,
BUY_AND_HOLD_12,
BUY_AND_HOLD_13,
BUY_AND_HOLD_14,
BUY_AND_HOLD_15,
BUY_AND_HOLD_16,
BUY_AND_HOLD_17,
BUY_AND_HOLD_18,
BUY_AND_HOLD_19,
BUY_AND_HOLD_20,
consume_1,
consume_2,
consume_3,
consume_4,
consume_5,
consume_6,
consume_7,
consume_8,
consume_9,
consume_10,
consume_11,
consume_12,
consume_13,
consume_14,
consume_15,
consume_16,
consume_17,
consume_18,
consume_19,
consume_20,
consumption_10,
derivatives_1,
derivatives_2,
derivatives_3,
derivatives_4,
derivatives_5,
derivatives_6,
derivatives_7,
derivatives_8,
derivatives_9,
derivatives_10,
derivatives_11,
derivatives_12,
derivatives_13,
derivatives_14,
derivatives_15,
derivatives_16,
derivatives_17,
derivatives_18,
derivatives_19,
derivatives_20,
elected_11,
financial_markets_1,
financial_markets_2,
financial_markets_3,
financial_markets_4,
financial_markets_5,
financial_markets_6,
financial_markets_7,
financial_markets_8,
financial_markets_9,
financial_markets_10,
financial_markets_11,
financial_markets_12,
financial_markets_13,
financial_markets_14,
financial_markets_15,
financial_markets_16,
financial_markets_17,
financial_markets_18,
financial_markets_19,
financial_markets_20,
fond_1,
fond_3,
fond_5,
fond_6,
fond_7,
fond_8,
fond_9,
fond_11,
fond_12,
fond_14,
fond_15,
fond_17,
fond_18,
fond_19,
forex_1,
forex_2,
forex_3,
forex_4,
forex_5,
forex_6,
forex_7,
forex_8,
forex_9,
forex_10,
forex_11,
forex_12,
forex_13,
forex_14,
forex_15,
forex_16,
forex_17,
forex_18,
forex_19,
forex_20,
gains_2,
gains_3,
gains_11,
greed_1,
greed_2,
greed_3,
greed_4,
greed_5,
greed_6,
greed_7,
greed_8,
greed_9,
greed_10,
greed_11,
greed_12,
greed_13,
greed_14,
greed_15,
greed_16,
greed_17,
greed_18,
greed_19,
greed_20,
invest_1,
invest_2,
invest_3,
invest_4,
invest_5,
invest_6,
invest_7,
invest_10,
invest_19,
invest_20,
leverage_9,
nasdaq_11,
rare_earths_1,
rare_earths_2,
rare_earths_3,
rare_earths_4,
rare_earths_5,
rare_earths_6,
rare_earths_7,
rare_earths_8,
rare_earths_9,
rare_earths_10,
rare_earths_11,
rare_earths_12,
rare_earths_13,
rare_earths_14,
rare_earths_15,
rare_earths_16,
rare_earths_17,
rare_earths_18,
rare_earths_19,
rare_earths_20,
served_1,
served_4,
served_7,
served_10,
served_12,
served_14,
served_18,
served_19,
short_sell_1,
short_sell_2,
short_sell_3,
short_sell_4,
short_sell_5,
short_sell_6,
short_sell_7,
short_sell_8,
short_sell_9,
short_sell_10,
short_sell_11,
short_sell_12,
short_sell_13,
short_sell_14,
short_sell_15,
short_sell_16,
short_sell_17,
short_sell_18,
short_sell_19,
short_sell_20,
short_selling_1,
short_selling_2,
short_selling_3,
short_selling_4,
short_selling_5,
short_selling_6,
short_selling_7,
short_selling_8,
short_selling_9,
short_selling_10,
short_selling_11,
short_selling_12,
short_selling_13,
short_selling_14,
short_selling_15,
short_selling_16,
short_selling_17,
short_selling_18,
short_selling_19,
short_selling_20,
transaction_14,
transaction_18,
