features,feature_score
short_selling_15,0.003976037357484029
short_selling_16,0.0034125554725948845
short_sell_19,0.002845639366761174
dow_jones_7,0.002568952247900229
voters_15,0.0018787949021915136
dow_jones_13,0.0018306453055011054
invest_9,0.0017607834929690965
stock_market_11,0.0016064316540229397
short_sell_16,0.0015619196784699436
DOW_JONES_9,0.001546530340319849
kentucky_17,0.0013959242521719819
transaction_1,0.0013888137811724575
return_4,0.0012789145558166875
district_12,0.0012701655891617155
opportunity_15,0.0012220251097095583
justice_20,0.0012019301207576642
dow_jones_11,0.0011133201250690353
illinois_4,0.0010989139220723
bubble_11,0.0010832930239261704
market_19,0.00107917818424564
community_5,0.0010632195186455013
nasdaq_4,0.0010600376212376965
republican_8,0.001045032992693031
dow_jones_9,0.0010383975690809188
stock_market_12,0.0010374481447921924
short_selling_4,0.0010261167572512408
holiday_2,0.0010206100876232575
market_8,0.0010087598298591577
elected_15,0.0010046344637594403
sell_1,0.0010021454604369415
law_9,0.0009911544823091969
dow_jones_8,0.000988970540716097
dow_jones_5,0.0009744196633271072
voters_19,0.0009667141774668827
house_3,0.0009664457946397757
freedom_3,0.0009381385756020942
governor_17,0.0009375521195739577
party_16,0.0009264971851470461
gains_4,0.000926436813386485
carolina_13,0.0009227576055785886
gains_7,0.0009191042267821211
politics_16,0.0008948285731084618
short_selling_2,0.0008747013857159498
stock_market_5,0.0008726726427507854
loss_9,0.0008627209706306386
derivatives_16,0.0008586086833312991
president_17,0.0008511447999702632
justice_18,0.0008462386663183044
markets_13,0.0008420191125700312
project_6,0.0008242133428430846
college_2,0.0008211649754521959
president_7,0.0008094461072665651
votes_13,0.0008046970497565905
inc_3,0.0008026808215701274
train_11,0.0008025830356975798
money_10,0.0007990058537964771
committee_12,0.0007939224830187581
media_19,0.0007897405628723492
world_9,0.0007893072811873613
votes_1,0.0007850973948824201
leverage_12,0.0007846202192038949
politics_12,0.000783774114579608
justice_19,0.0007825717878511777
dow_jones_6,0.0007811296698516761
stock_market_1,0.0007782291069688815
politics_9,0.0007740855623271483
buy_17,0.0007732506726404376
movie_17,0.0007695965753329996
elected_17,0.0007692150404563263
voters_17,0.0007688251805396805
leverage_9,0.0007621460565298797
secretary_8,0.0007605655368871323
minister_12,0.0007566680638693415
republican_10,0.0007565969118333842
oil_9,0.000755970484618257
stock_market_8,0.0007539140070451082
bonds_8,0.0007504770551137414
pennsylvania_7,0.0007504463088173086
washington_8,0.0007450842005669842
kitchen_3,0.0007450367850369594
buy_7,0.0007429618869379215
college_18,0.0007416191617428267
york_6,0.0007378717032753977
seats_20,0.0007332510790257973
community_6,0.0007316527906454614
ring_4,0.0007260347547152498
banking_20,0.0007239511287175823
police_4,0.0007214137961117663
DOW_JONES_10,0.0007210111996969834
pennsylvania_17,0.0007181225276347673
police_8,0.0007164965779235728
district_4,0.0007147586924918911
stocks_3,0.0007134773982699509
car_19,0.0007119615564103932
senate_8,0.0007110421304132392
transaction_2,0.0007097738142762766
default_20,0.0007072379846368229
business_14,0.0007053765671226554
judge_7,0.0007041973231188889
trader_3,0.0006987846869926401
finance_11,0.0006968580593846474
secretary_16,0.0006954668988756115
judge_19,0.0006916239715664361
council_9,0.0006847854722622448
transaction_16,0.0006815433348829375
happy_17,0.0006783651310345928
default_1,0.000677224341627675
marketing_19,0.0006736032817114166
court_16,0.0006715135176732528
social_9,0.000665013488340853
invest_16,0.000663787132951948
gains_5,0.0006637074487511474
oil_4,0.0006631855511829739
virginia_5,0.0006630687449048164
case_9,0.0006626404589437191
marketing_14,0.0006606362667116809
secretary_17,0.0006590699411751866
dow_jones_15,0.0006579253239943034
business_13,0.0006512864993700677
virginia_13,0.0006496625978389842
companies_9,0.00064867450094154
sell_11,0.0006484746522410035
religion_13,0.0006483192622389825
global_18,0.0006475054289197416
health_9,0.0006474219322516848
inc_20,0.0006470168469357544
housing_6,0.0006464094168098314
DOW_JONES_5,0.0006445769814117981
car_4,0.0006403389292948499
virginia_19,0.0006401031474738007
ohio_4,0.0006399309858636993
default_2,0.0006380429282428254
elected_6,0.0006366090543850155
bank_19,0.0006363818010766006
labor_4,0.0006344551513537192
markets_17,0.0006322969943731816
money_12,0.0006314182037985395
world_2,0.0006297231384684574
council_18,0.0006295747429022516
short_selling_18,0.0006286120109699049
security_12,0.0006275460679815447
cancer_13,0.0006270075882294545
virginia_9,0.0006267701317764011
unemployment_6,0.0006261524256984078
global_3,0.0006258062456721038
york_18,0.0006211853697564617
president_20,0.0006180369889093839
cash_13,0.0006157826765057101
senate_6,0.0006151073464043752
technology_10,0.0006114261292446322
gains_2,0.0006100125361000581
served_6,0.0006090998454242486
fun_4,0.0006079112403447229
stats_11,0.000607740879973915
community_2,0.0006057673036713297
movie_3,0.0006056556031196276
voters_20,0.0006012664546930233
products_4,0.0006010680838323306
world_5,0.0006006191948490125
crisis_14,0.0006000479030659809
republican_14,0.0005996911006118849
garden_3,0.0005989974207086553
county_5,0.0005965198740998026
bank_15,0.0005963873420166722
union_16,0.0005955846302448429
york_16,0.0005935488457118026
DOW_JONES_15,0.0005923089836547722
stocks_14,0.0005899262469716019
invest_1,0.0005880779468760429
government_18,0.0005879437327174757
members_9,0.0005873373095788781
world_3,0.0005869492776874923
health_11,0.0005850974118745305
success_14,0.0005843305622440485
debt_11,0.0005834552866109036
washington_2,0.0005812037662147576
unemployment_11,0.0005811484987639025
invest_15,0.0005806114007279275
court_1,0.000578937626973054
economic_9,0.0005784697834841797
freedom_6,0.0005769860092512356
train_6,0.0005769214442138395
dow_jones_18,0.0005768026996242412
ore_14,0.0005765452318262705
fine_16,0.0005765071266840202
labor_3,0.0005751813510965175
gains_14,0.0005750829309789535
metals_8,0.000574823826713863
county_14,0.0005746521735456113
garden_1,0.0005728721808755085
stock_market_4,0.0005718360013674523
politics_11,0.0005712351346398685
politics_10,0.0005709544085517536
social_8,0.0005695492225941655
secretary_6,0.0005684318933461632
environment_11,0.0005649885094691831
movie_2,0.0005642474835604177
buy_1,0.000564146574286745
restaurant_9,0.0005639568070004036
texas_10,0.0005637245764207355
corporation_4,0.0005635739179840892
environment_6,0.0005631634152205589
party_9,0.0005603845137921828
credit_1,0.0005597758740010365
fun_14,0.0005594524802867728
georgia_11,0.0005581562615660327
nyse_1,0.0005576654934831667
texas_11,0.0005560093735437692
project_19,0.0005560030109555822
earnings_9,0.0005554803288252208
media_4,0.0005553138596826553
ore_6,0.0005546110328316977
pennsylvania_11,0.0005542719768341439
leverage_6,0.0005540695657931138
washington_19,0.0005535757608856554
unemployment_3,0.0005517605723770485
earnings_15,0.0005481813337338882
financial_13,0.0005478123471169064
marriage_20,0.0005477340987625656
credit_20,0.0005474969516306783
oil_18,0.0005471012135924573
happy_13,0.0005470840309541512
texas_2,0.0005464220207849674
tennessee_12,0.0005463953906623033
unemployment_5,0.0005456097536899389
president_8,0.0005452040178078913
revenue_2,0.0005448147977605456
banking_1,0.00054443668736798
house_1,0.000543658986114692
holiday_16,0.0005425468437311557
office_6,0.0005415660738219347
finance_15,0.0005415345904352636
industry_3,0.0005405769067835022
gains_15,0.0005394045586405812
office_8,0.0005383472061149307
restaurant_6,0.000536240515497079
holiday_12,0.0005352315547908665
market_1,0.000531498535593421
returns_8,0.0005308324356811204
economy_18,0.0005286242452421561
metals_18,0.0005285836728906062
rights_14,0.0005284365577208013
garden_13,0.000528249700984252
gains_1,0.000527469858492281
health_18,0.0005273143135249836
food_4,0.0005255074756837634
law_19,0.0005254407990248473
garden_8,0.0005246049436670902
washington_5,0.0005239521567234832
firm_3,0.0005227834338266289
markets_16,0.0005221246993921928
car_8,0.0005217085937365437
act_3,0.0005195834022413052
food_13,0.0005186107693943534
rights_1,0.0005182590148861256
travel_4,0.0005152312704445793
labor_2,0.0005143360065970133
nyse_9,0.0005142158371044045
security_7,0.000514054144419311
votes_17,0.0005137340895527406
york_2,0.0005137219721574015
government_6,0.0005119723600626945
inc_14,0.0005115392279990213
police_6,0.0005109678814679744
companies_19,0.0005106614082129082
chance_3,0.0005103694191586098
election_6,0.0005101129019410202
york_19,0.0005100521360377652
nyse_2,0.0005095581587950572
texas_18,0.0005092379699298034
elections_9,0.0005090772777118277
gains_18,0.0005075675234012296
market_12,0.0005061606392630388
election_17,0.000506073796592953
earnings_3,0.0005059628979037403
bank_7,0.0005059404199782127
representatives_11,0.0005056562870393277
virginia_11,0.0005056360188656452
bank_3,0.0005052234528352353
senate_7,0.0005049582264388595
risk_17,0.0005048538591887395
court_14,0.0005044756654541395
governor_16,0.00050380863655322
home_15,0.0005032623616598623
unemployment_12,0.0005032273214100429
finance_20,0.000501419562011792
leverage_17,0.0005012040955674189
garden_7,0.0005011580624784939
county_4,0.0004999439224414265
politics_7,0.0004985716941338854
unemployment_7,0.0004966275047432195
car_11,0.0004966120769627892
services_11,0.0004962461564956435
virginia_20,0.0004957558055525967
marketing_11,0.0004956904378566034
house_19,0.0004952224551629565
products_18,0.00049492701961611
government_4,0.0004947106636146101
derivatives_9,0.0004947008635373544
judge_15,0.0004942393013909638
finance_13,0.0004929166139092546
community_7,0.0004923552837035473
leverage_3,0.0004918202008271577
car_18,0.0004915449907992176
credit_15,0.0004915379612360469
buy_3,0.0004913601909446928
travel_17,0.0004911030482292356
restaurant_1,0.0004905768628882225
gold_12,0.0004873045811928005
house_14,0.0004861808693127137
travel_16,0.00048439273727358576
economics_4,0.00048427320007965376
house_8,0.0004841237078575042
technology_15,0.0004838691411047201
default_9,0.00048343394714195944
fed_6,0.00048301738741754154
movement_13,0.00048284298912494166
democratic_17,0.0004823927004528908
bank_9,0.0004812147271279337
court_2,0.00048037921041233243
security_11,0.00048032176795673566
finance_10,0.00048025802633795277
voters_16,0.00048009100679031227
cancer_19,0.00048004897262620224
seats_13,0.00048003297682786694
votes_20,0.0004798062976110707
war_5,0.00047974543945017504
voters_6,0.0004796173153627511
energy_1,0.00047956493554186596
college_19,0.00047924870544650025
college_6,0.0004791303308413269
georgia_18,0.00047874244879876523
cancer_3,0.00047822177385302867
oil_13,0.0004768823093743656
energy_10,0.00047618048873345376
buy_20,0.0004738431914845248
movie_4,0.0004719604010486607
market_4,0.0004713283348726826
sell_5,0.0004712141103141237
oil_12,0.00047049181664869026
police_11,0.00046938951287338337
forex_2,0.00046921649828299066
minister_11,0.00046881317337383314
votes_6,0.0004686801880158489
society_8,0.0004685844948219618
money_13,0.0004681382730221453
home_20,0.0004680277676782409
consumption_10,0.0004680229203359294
politics_14,0.0004675278699168216
nyse_13,0.00046592399349092454
growth_1,0.0004659001390925893
fun_11,0.00046567680521577805
tennessee_7,0.00046560626940788156
carolina_17,0.0004653458282142013
war_14,0.0004636662882488549
home_1,0.00046340926646341245
business_20,0.0004634027058377139
arts_11,0.0004632978421013473
law_16,0.000463289166125787
world_13,0.0004627012025095183
dow_jones_10,0.00046246223067206935
president_16,0.00046046286337544224
world_6,0.00046029839557797277
dow_jones_4,0.0004602051974189286
william_19,0.00045965021012923756
dow_jones_19,0.0004592873935755893
rights_17,0.0004590851184971265
ceo_4,0.0004571657649984101
global_2,0.00045682891588032644
water_11,0.00045680457756240995
money_3,0.00045678313475016203
returns_11,0.0004563029943076149
oil_10,0.00045598802593201906
buy_16,0.0004539827605096263
senate_19,0.0004539398896374737
energy_19,0.000453811365487639
arts_6,0.00045376069996751705
senate_9,0.00045317608158976425
members_18,0.0004525382072018587
DOW_JONES_19,0.0004524370553683099
return_2,0.00045216874640101914
business_5,0.0004520691203895222
health_15,0.0004512226316409226
community_15,0.0004511812950596817
political_17,0.00045105529734005575
growth_4,0.0004503235190772493
marriage_8,0.0004500370974299067
credit_7,0.00044959586068335467
car_5,0.0004488082225252726
economic_4,0.00044832740321126493
energy_3,0.00044780795335977653
elections_15,0.00044749466502102956
crash_1,0.00044736323062233356
products_12,0.00044713222990893736
business_15,0.0004469923512277302
health_13,0.0004465957603326
marriage_18,0.0004461452646756924
markets_14,0.00044532930023517863
holiday_9,0.0004453192532964198
arts_18,0.0004452913420536526
law_17,0.00044511329909860734
crash_5,0.00044488142190957265
consumption_8,0.0004442539624385011
services_8,0.0004441382769466094
sell_8,0.00044399910425322876
return_19,0.0004439048901977587
arts_7,0.0004431176957010956
texas_13,0.00044277543880064514
york_8,0.0004424384438680728
labor_13,0.0004421193241270585
products_7,0.0004421014218971736
risk_3,0.00044160481590127694
money_8,0.0004414742819466321
home_5,0.0004408778040373882
finance_9,0.00044075167613158407
forex_4,0.00044056014535963324
carolina_14,0.0004404080085082596
senate_10,0.00044028570411833027
invest_6,0.00044026021807151396
fed_9,0.0004399816680823862
water_3,0.00043849178089077836
marketing_5,0.0004382070720718372
security_4,0.0004378345095751312
federal_16,0.0004376242616999596
election_18,0.0004374855779295212
community_8,0.0004372550679002682
stock_market_13,0.00043689090615012407
crash_20,0.0004365439207067472
consumption_5,0.00043649322470302326
house_2,0.0004364018631073213
act_20,0.00043606007318058913
money_19,0.0004350466617674022
stock_market_14,0.000434517760134259
illinois_20,0.00043435162880816155
republican_12,0.0004342569880405033
buy_11,0.00043414283611312155
million_3,0.0004334548152729914
home_16,0.0004333922993974313
president_9,0.0004333095819044036
car_13,0.0004332403094816491
rich_20,0.0004330818535109039
train_8,0.00043304460501003886
home_12,0.00043282833090506893
security_16,0.0004319652696526973
water_14,0.0004310992229118801
trader_10,0.00043104781308501245
founded_3,0.00043103749582856966
credit_6,0.0004309123668549479
unemployment_10,0.00043079694264880005
investment_20,0.00043044944280560415
justice_17,0.0004301411441824698
consumption_19,0.0004299161262814413
companies_4,0.0004296051433169603
massachusetts_17,0.00042906714051479185
return_18,0.00042899481988703644
oil_11,0.000428788868397408
economic_18,0.00042832694668078756
washington_4,0.0004282100861808685
movie_7,0.0004277162635673084
chance_4,0.00042750163002927154
social_20,0.00042675025817184793
business_8,0.0004263786727713472
technology_16,0.0004263352968039034
development_13,0.0004261771213081693
freedom_10,0.00042602182783741185
credit_8,0.0004255871967103051
kitchen_12,0.00042492233316456337
present_17,0.00042492138646624744
ohio_13,0.00042490536952004217
energy_8,0.00042460024512838126
virginia_2,0.0004244694680707856
technology_9,0.00042443266584330424
financial_9,0.000424210247419892
illinois_16,0.0004228100909358866
senate_17,0.00042229429164836614
train_7,0.00042180838188460177
debt_7,0.00042177126789939704
earnings_6,0.0004215915159073217
freedom_4,0.0004209346482598383
million_9,0.0004209092263834414
judge_9,0.0004201790480222264
act_17,0.00042017026381278795
senate_20,0.0004201360725728136
color_9,0.00041984815618393613
representatives_7,0.0004197379325220475
movement_10,0.00041937865476013785
movie_9,0.00041922308305717304
federal_11,0.0004189190783769214
management_2,0.00041883905210068895
bank_1,0.0004188152220627963
money_1,0.00041856999847876596
governor_7,0.0004185208679947088
district_3,0.00041817152223904384
tennessee_15,0.00041784030196613157
finance_1,0.0004176774312016339
office_13,0.00041736527354302536
election_16,0.00041683497434656896
cancer_11,0.00041663418849638943
washington_1,0.00041596498799399483
county_7,0.00041511074648722945
justice_14,0.00041503295788336076
buy_13,0.00041461269807701164
house_7,0.0004141876040683792
products_8,0.00041410859547268754
technology_7,0.0004139909329493793
vermont_15,0.00041335358231782426
bank_18,0.0004130059236135766
invest_2,0.00041272012768793026
inc_4,0.00041223212862385864
arts_9,0.0004122234852762792
car_3,0.0004121985186000112
washington_6,0.0004119178316163468
energy_11,0.00041171505149034036
republican_2,0.0004116897432436737
ohio_19,0.0004115835405584943
union_6,0.00041155188805645863
hedge_11,0.00041129951732251356
project_20,0.00041074841073387384
georgia_15,0.0004106544320899902
cancer_20,0.00041011565634161914
unemployment_17,0.0004100480797728906
ohio_15,0.0004098608104613789
energy_13,0.00040971661094329044
firm_11,0.00040962601123372327
virginia_12,0.00040902195686158544
society_18,0.00040897416608738125
court_20,0.0004087849684186207
gold_3,0.00040780407329815536
present_18,0.00040738212961812295
secretary_11,0.0004073026645821426
success_19,0.00040711092206767506
happy_20,0.0004063416582136449
finance_6,0.0004057725989184286
dow_jones_12,0.00040576102125292567
service_1,0.00040570821289046146
elections_4,0.000405475320764316
risk_19,0.00040533660373593154
technology_8,0.0004048064047528702
judge_12,0.0004041491838034152
district_18,0.000403368859055683
financial_1,0.00040328564922343345
corporation_19,0.0004031202122572004
house_13,0.0004030335495566211
market_2,0.0004023885879519123
dow_jones_2,0.0004015064497304224
political_10,0.0004014220181769969
industry_13,0.00040114824607240387
gold_2,0.00040094589024177314
community_4,0.00040090346963725365
stocks_8,0.0004008003725256949
financial_10,0.00040073710940285
stocks_13,0.0004000804875004502
government_15,0.00039985603007421994
media_20,0.0003997469292597086
inflation_4,0.0003982095849735404
profit_12,0.00039771614671964717
buy_18,0.00039737716438383806
market_20,0.0003971400995895191
democratic_7,0.00039707112252861316
law_7,0.000396993296189637
nyse_12,0.0003968746307329918
security_10,0.0003965698051823386
chance_12,0.0003964979529082164
conflict_18,0.0003964134610943039
cancer_8,0.0003957658375171685
short_selling_19,0.0003955413026191802
social_1,0.00039539857383579446
buy_12,0.00039536052947581
union_19,0.00039522144414564877
county_1,0.0003950209536968207
management_13,0.00039488855823890576
home_19,0.000394417486341978
DOW_JONES_7,0.0003933392753002646
energy_6,0.00039291357452249376
minister_13,0.00039270229498066303
market_3,0.0003926376084918303
industry_6,0.00039220063569112907
york_5,0.00039193808722474537
holiday_11,0.00039164110224885595
william_18,0.0003916228467634113
short_selling_17,0.000391316137657148
train_12,0.0003913106422705495
college_13,0.00039119485468576865
health_3,0.0003910934093431855
energy_20,0.0003910348801353119
finance_19,0.00039068601161640256
corporation_18,0.0003901083500219096
security_2,0.0003897556163871923
election_19,0.0003896600796086608
act_16,0.0003892123961776092
college_9,0.00038919486395053296
dividend_7,0.000388946007582508
movement_15,0.00038890417849965194
money_14,0.00038885731805987715
york_13,0.00038879476458476874
ltd_13,0.00038856580915905183
house_9,0.000388171611369663
economic_17,0.0003879195362755148
case_8,0.00038740870067900717
bubble_13,0.00038729025157063855
law_14,0.0003869073629088591
bonds_3,0.000386626239356598
movie_1,0.00038659049624167153
restaurant_4,0.0003862073000255014
georgia_7,0.0003859041162754093
georgia_1,0.00038586102362961057
members_19,0.00038526539983045795
democratic_13,0.00038521469007885126
service_12,0.00038489288480419444
gains_16,0.00038457987209955947
seats_5,0.00038455225527933904
massachusetts_6,0.0003844399021802834
college_1,0.0003843304249427306
seats_8,0.00038430050496959204
council_20,0.0003839760910325657
washington_7,0.0003831965830066523
markets_3,0.0003823261557788593
health_5,0.00038159696095303074
district_6,0.0003815100266092522
services_19,0.00038146535021485337
carolina_1,0.0003809209861884507
business_2,0.00038041852242366974
financial_4,0.00038034585159109845
act_11,0.0003803029369619364
transaction_19,0.00038007950031061094
portfolio_3,0.00037993201889755733
media_17,0.0003798724576046323
food_6,0.0003797970819875408
legal_14,0.00037944553443172816
project_4,0.000379283990917948
seats_17,0.0003792012513669457
bonds_4,0.0003791406180302356
water_10,0.0003790419109559158
media_13,0.00037888882200328984
government_1,0.00037861732078246394
credit_11,0.00037842099554424326
security_9,0.0003780059995936216
representatives_4,0.0003775964609272632
economic_3,0.00037744183346527895
fed_4,0.0003772808551992166
economic_5,0.0003772237986236414
democratic_3,0.0003770553050701686
arts_19,0.00037699294924656675
corporation_3,0.00037690954056972926
religion_3,0.00037680573171082493
business_12,0.00037661927954527936
william_3,0.0003766115933468778
chance_9,0.0003765879817789879
governor_15,0.0003764304936134755
growth_9,0.00037592844937388444
minister_3,0.0003759114376053351
energy_16,0.0003758717230098925
county_10,0.0003756238797592242
energy_4,0.00037562381636674624
massachusetts_10,0.00037560837099605716
elections_6,0.0003755743440068846
rights_12,0.0003754343243544939
health_2,0.00037507082304046453
election_20,0.00037506347034555354
global_16,0.00037449320205670334
religion_16,0.0003743895917981214
texas_20,0.0003739745175026364
rights_5,0.00037381598217446594
stock_market_18,0.00037364462363422013
union_10,0.0003735399492155163
movie_8,0.0003733990228234965
texas_8,0.0003728982161878455
georgia_20,0.000372839711781231
economy_10,0.0003728366604090081
money_15,0.0003727010954483487
health_16,0.000372501903472785
investment_11,0.00037228935533327895
business_18,0.0003722305737068529
water_19,0.00037196946057940365
bubble_17,0.0003719001571205062
society_20,0.0003717143009806039
revenue_6,0.00037165353246777864
travel_11,0.0003716496116606951
illinois_3,0.00037159177879608556
ohio_1,0.00037150889503825683
market_9,0.000370412866618693
credit_17,0.0003701546787802599
ring_15,0.00037007614002355856
party_3,0.0003699288051744914
case_16,0.0003698538853829099
global_19,0.00036948022270083894
bubble_9,0.00036918276690935104
legal_19,0.0003690647306824523
food_18,0.00036872622983836323
food_10,0.0003687193071083049
management_3,0.00036814213963816346
project_16,0.00036806967441497894
carolina_12,0.0003678311198666246
president_6,0.0003676675531319699
hedge_3,0.0003667709257687989
sell_13,0.0003666231970058861
war_16,0.0003665907480656702
stock_market_17,0.00036656787612726285
car_7,0.0003664277056199923
chance_2,0.0003663701681707797
conflict_17,0.0003657084302198735
security_15,0.0003655130764169148
ohio_9,0.00036551214378910553
texas_4,0.0003651668022145656
texas_5,0.00036481669401349875
metals_9,0.0003647079432146938
massachusetts_19,0.0003645126108871125
market_15,0.00036426787524585614
security_19,0.0003642332713480737
economic_10,0.0003640185117529316
voters_11,0.000363848335499386
crash_3,0.00036384531772904697
texas_3,0.0003634749097542964
york_20,0.00036290786665610033
development_15,0.0003627360328095872
world_17,0.00036185573528159327
court_18,0.0003617823603677993
tennessee_3,0.0003612880460548163
market_5,0.0003611376680281143
project_14,0.00036105325225064346
minister_1,0.0003608402613929184
conflict_20,0.0003605720967013862
ohio_20,0.00036039851203849185
york_10,0.00036039467297092307
government_17,0.0003601673665697683
development_2,0.0003600730854676566
district_2,0.0003600457659277633
college_20,0.00035990709534580696
ring_5,0.00035966246741826166
train_15,0.0003596257677170581
wisconsin_1,0.000359551137332235
tennessee_16,0.00035945207257222705
washington_13,0.00035940026417459285
union_1,0.00035937115196311607
labor_9,0.0003593008396677012
elections_3,0.0003591113170050267
stock_market_16,0.000359091228595603
economic_19,0.00035893490192397354
dow_jones_14,0.0003586374170344221
vermont_14,0.0003584972537484438
business_9,0.0003583625315186429
service_17,0.0003581771368324951
profit_9,0.0003581551376602363
restaurant_20,0.0003580745881602744
housing_9,0.0003580134503861187
federal_20,0.00035746520284186495
finance_14,0.00035743865338965826
DOW_JONES_11,0.0003570999648624117
war_9,0.00035706482017478625
million_12,0.0003568424300166769
housing_7,0.00035677839032066195
DOW_JONES_13,0.00035677763600278404
office_17,0.00035622185742177783
democratic_11,0.0003561776555274095
headlines_4,0.00035610442240648787
water_13,0.00035599913320392415
media_14,0.0003559158721079404
million_18,0.0003559113874550095
district_16,0.00035576529281678316
conflict_3,0.0003557356438205958
inc_1,0.0003555762830551997
ring_1,0.0003551450515497521
kentucky_11,0.00035501126895805393
party_5,0.0003544533616772832
district_20,0.0003544004210090746
service_13,0.0003543770388468042
growth_10,0.00035407425586892095
court_6,0.000353949660198605
chance_19,0.0003539423101532043
money_7,0.000353898255765592
industry_5,0.0003538417053811734
DOW_JONES_20,0.0003536782818338812
missouri_14,0.00035356646977647644
politics_13,0.000353459718519692
fun_13,0.0003532215971455208
DOW_JONES_16,0.0003531836796430067
community_9,0.00035265971930714224
car_9,0.00035248782642411703
stocks_10,0.0003523611607506122
fun_3,0.0003523375092008439
home_8,0.000352163862218909
rich_13,0.0003519061836543862
health_10,0.0003519054767138319
carolina_6,0.0003518861452679401
stocks_7,0.0003518780690660936
development_1,0.00035149953608697024
color_20,0.0003512530332571413
invest_14,0.0003507815323050114
financial_15,0.0003506356080880008
bank_4,0.0003505021464148598
hedge_8,0.00035011612638170386
lifestyle_20,0.00034987918019222804
stock_market_9,0.0003497398237981414
trader_7,0.00034918960863010966
fed_19,0.0003491367511177703
kitchen_6,0.00034909667837499145
technology_17,0.00034874001206320894
water_6,0.00034864716188300895
crash_17,0.00034822844369107966
illinois_11,0.0003480570855304361
money_17,0.00034760637033362854
vermont_8,0.000347467377235715
house_18,0.00034729886434703997
ohio_11,0.000347154870101503
earnings_11,0.00034699606657199436
buy_15,0.00034697344520092624
food_14,0.0003468419573107702
labor_1,0.0003467618614909387
house_10,0.00034628141733159174
texas_14,0.00034588682445014607
governor_9,0.000345757999495549
virginia_4,0.00034569662840266215
service_19,0.00034541026038803534
vermont_12,0.00034509789431532106
revenue_9,0.00034495349997865153
culture_19,0.0003448645574450056
house_4,0.0003446204434883664
massachusetts_5,0.0003445825209857267
republican_20,0.0003444625255015036
restaurant_11,0.0003442290010790416
invest_11,0.0003438442520454917
senate_18,0.00034379774087963733
war_1,0.00034363017666081476
law_12,0.0003432640228162934
banking_3,0.0003432139894247602
happy_12,0.00034300237429745405
bank_2,0.00034291766598645374
debt_2,0.0003428674903058584
million_11,0.000342721370527068
act_1,0.0003424726187832247
massachusetts_7,0.00034211408579994573
markets_6,0.0003420797394835362
corporation_9,0.0003420521121699764
georgia_19,0.00034178317172816946
services_1,0.00034173667017969937
arts_17,0.0003416131328496811
companies_11,0.000341543781196433
pennsylvania_13,0.00034143538886302524
federal_17,0.00034132222804870017
house_17,0.00034123451688454736
court_19,0.00034110770653032204
illinois_5,0.0003411067157475406
debt_8,0.00034101521527886544
earnings_8,0.00034051036189242903
government_9,0.0003403777070336642
movie_5,0.0003403075166924811
happy_5,0.00034026636034361957
case_5,0.00034025058638406446
washington_11,0.0003402467862193251
loss_1,0.0003401145507315131
cancer_16,0.00034004179746701204
services_20,0.00033984677083094816
development_12,0.00033972756997780574
movie_18,0.00033972053221617245
growth_13,0.00033963104449002014
college_4,0.0003394588165093161
global_20,0.0003394372371387783
gains_3,0.00033941033202899913
labor_5,0.0003392715198291293
housing_16,0.0003390442724005393
district_7,0.0003389444200071965
unemployment_1,0.00033894285001123616
bank_17,0.00033892202459552724
council_4,0.0003386804605082506
cancer_7,0.000337669705692971
culture_1,0.00033754036093598
cash_2,0.0003375011297287556
office_7,0.00033729476517086246
gold_5,0.0003372217656881769
food_7,0.00033718428280695947
union_14,0.0003371778799725049
color_17,0.00033708482035713983
growth_11,0.0003369424085274032
county_15,0.00033667952081507536
economic_7,0.0003366618336559529
community_12,0.000336552912474511
senate_4,0.0003365086362433671
return_17,0.0003363332684329295
georgia_2,0.0003362403539098382
color_13,0.0003361442137645149
judge_11,0.0003360364507631325
representatives_17,0.0003360114800335529
stocks_1,0.0003355823892060578
legal_8,0.00033557299610039213
banking_5,0.0003354823344881991
wisconsin_12,0.0003354279390357616
management_11,0.00033531573935442006
court_8,0.00033525411232518057
cash_7,0.00033461717320415485
marketing_3,0.0003343811515402364
water_4,0.0003340739527562246
restaurant_16,0.00033394755187166964
bank_6,0.0003339069491143487
elected_13,0.00033389207025056
economy_11,0.0003338879896715791
economy_15,0.00033384086219280415
law_1,0.0003335399089692084
development_7,0.00033351692858172167
virginia_14,0.0003334123959014313
million_17,0.00033333504578635375
companies_10,0.00033320549894456686
washington_16,0.00033316410408678476
ohio_18,0.00033312058025967
short_selling_9,0.00033303980105168823
opportunity_17,0.00033293280742322754
media_18,0.0003328738672263996
crisis_9,0.00033275839622507294
carolina_11,0.0003320782725253306
ohio_3,0.00033192141010430354
secretary_10,0.0003319162597778254
served_12,0.00033187739212538263
market_6,0.00033162263276468023
legal_17,0.0003314559736519493
oil_19,0.00033144176218185336
water_1,0.0003313423766320354
wisconsin_5,0.00033133005496231
served_8,0.0003313216192494512
office_4,0.0003311466979761541
restaurant_5,0.00033097417571468395
growth_12,0.0003308009596988362
religion_11,0.00033075432243967977
pennsylvania_4,0.0003307274003141773
fed_10,0.00033059502189618716
county_9,0.00033058425684027727
financial_12,0.0003304760758735703
missouri_7,0.0003304353323351037
movie_16,0.00033013670565403447
massachusetts_12,0.0003299887996093755
chance_20,0.0003299878582370995
earnings_5,0.00032979826717562555
water_7,0.0003296929432966905
fed_2,0.00032946038586498586
consumption_11,0.00032931383281666147
stock_market_7,0.000329167915257815
housing_5,0.0003291168533619465
house_6,0.00032894398257849594
profit_4,0.000328659376949176
food_2,0.0003286305429070065
water_15,0.0003283644913960903
invest_5,0.0003283243484327943
union_12,0.0003282540792634226
travel_14,0.00032825174395210294
food_8,0.00032821167236217957
inflation_8,0.00032808583030805315
products_11,0.0003280529159227663
act_19,0.00032801848543289095
growth_6,0.00032797998417196083
credit_14,0.0003279077160772655
hedge_7,0.00032770267517912574
pennsylvania_19,0.000327594633659145
elected_18,0.00032753576729416023
security_14,0.00032748121481755786
social_5,0.00032734150048134455
service_18,0.0003269516225295346
founded_16,0.00032660665271976605
politics_18,0.00032630683450541394
media_5,0.0003262756438724817
short_selling_6,0.000326192196610785
global_13,0.00032616724494193017
conflict_10,0.00032594935755754517
fond_20,0.0003258112087993926
legal_4,0.0003257380033994475
ohio_2,0.00032549006108104875
transaction_18,0.00032544184814121144
unemployment_4,0.0003252426675136323
buy_4,0.00032506420809933834
health_14,0.0003250602220942396
freedom_17,0.0003247806277597706
stocks_4,0.00032473572914668464
project_10,0.0003246822407700298
home_6,0.00032467009743481515
default_14,0.0003246621256766072
kitchen_7,0.0003245457168089318
party_13,0.00032445707519609496
world_18,0.00032439739556379036
health_12,0.00032435297776189334
voters_5,0.0003242625999670933
color_8,0.00032412563935254707
fun_8,0.0003240552529837886
fine_13,0.0003239301140689438
voters_14,0.0003232602657494479
financial_5,0.0003232553206772435
federal_12,0.0003231425076955748
environment_5,0.00032283875213184974
travel_2,0.00032275416335951186
federal_5,0.00032256653470899604
chance_6,0.00032252727219016594
war_18,0.00032229402149746406
york_9,0.00032225666607842585
secretary_3,0.0003221948263773194
court_10,0.00032219003134456375
members_20,0.0003221611148212083
movement_12,0.0003217638711836599
buy_14,0.0003216721808020024
loss_19,0.0003215948678074561
management_1,0.0003214039604543837
chance_14,0.0003212879122163238
representatives_9,0.0003208012667759255
portfolio_19,0.0003206245937804648
chance_10,0.00032055293550936956
credit_3,0.00032029764476586216
county_20,0.0003201978954809074
federal_15,0.0003198665844812987
restaurant_12,0.0003197941122158526
banking_4,0.00031978091728250845
pennsylvania_20,0.0003197179206830539
service_6,0.00031970074591063243
credit_16,0.00031959464382273154
party_15,0.00031944848240570193
elections_7,0.00031919538193318607
firm_12,0.0003189991209178934
vermont_19,0.00031899073297028896
business_11,0.0003189426928045511
investment_19,0.0003187432306830462
environment_7,0.00031871935520296884
kentucky_5,0.0003187172909181586
buy_5,0.0003186402018202623
rights_13,0.000318635284889244
members_2,0.0003186142857567548
republican_18,0.00031857327980276554
carolina_8,0.0003184924714890691
services_15,0.0003183393805880304
party_19,0.0003183296725147063
politics_1,0.00031828276032333123
court_15,0.0003182756060922418
cash_14,0.00031808728345791306
war_12,0.0003180044486951242
seats_15,0.00031794704647519886
home_10,0.000317850628287674
york_15,0.00031783223325622666
ohio_7,0.00031780328218950724
representatives_5,0.0003177747555516573
illinois_17,0.00031771116636419893
return_6,0.0003176864770352061
home_14,0.00031761123677378496
inflation_5,0.00031736704695377354
ceo_1,0.00031725261173633554
health_20,0.00031694388582703486
wisconsin_17,0.00031642142599113765
secretary_20,0.0003162498185464386
president_5,0.00031621786723306264
crash_19,0.0003160784707643405
election_10,0.0003158926344262958
social_17,0.00031581566078456514
stock_market_3,0.0003156423307159631
movie_12,0.0003156174470233712
project_12,0.00031560024006185313
william_17,0.0003155908024205468
rich_17,0.00031557441626011844
wisconsin_4,0.0003155149463374693
ltd_7,0.00031546154010126054
hedge_9,0.0003153317990248875
banking_13,0.0003151697932538021
labor_16,0.0003149504127765748
votes_5,0.00031474898986006696
opportunity_16,0.000314560971843276
york_4,0.00031451523377626855
crash_9,0.0003142817672787284
governor_10,0.00031405412127960287
restaurant_13,0.0003135948458358699
movement_2,0.00031347938634315855
ore_18,0.0003134568440425179
rights_20,0.00031342948764616823
missouri_15,0.000313214837444445
oil_2,0.00031321116276062836
DOW_JONES_4,0.0003128928897670795
garden_14,0.0003123377698475975
union_2,0.000312089630671418
train_3,0.00031184915410458245
management_19,0.0003117949129780176
missouri_1,0.0003117251113540606
development_9,0.000311722055814882
massachusetts_14,0.0003115553927865288
union_11,0.00031097492444131245
risk_12,0.0003109616005708522
union_18,0.00031087093312620633
growth_8,0.00031080293263357713
legal_11,0.00031061277516668804
stock_market_19,0.0003105780994418793
security_3,0.00031035905622127803
election_11,0.0003103438346085964
crisis_3,0.00031032961646742396
global_1,0.00031030150813202774
georgia_4,0.00031026711703082484
dow_jones_1,0.0003101655621441712
missouri_20,0.0003101169536723445
illinois_1,0.000309965514442155
william_5,0.0003098665461101675
banking_9,0.0003098470576598925
inflation_16,0.0003097913904584712
development_14,0.0003097695080675368
community_18,0.0003097224196158004
ohio_6,0.0003096867082032947
ohio_16,0.0003095608422664246
security_13,0.0003095447303309677
conflict_8,0.00030949844140909126
labor_10,0.0003093319261548583
inc_2,0.00030920224131797386
tennessee_14,0.00030903166576146205
college_7,0.0003089786111746752
world_8,0.000308856975494946
consumption_12,0.0003088482023483677
hedge_5,0.00030864398958811
economics_19,0.00030844047979761114
development_6,0.0003084295688544745
media_9,0.0003083003323320499
home_17,0.0003082450572210397
development_16,0.00030811023250711236
war_13,0.00030809605261653255
carolina_5,0.00030803990713821537
sell_6,0.0003079049403169455
unemployment_18,0.0003078624057863152
justice_11,0.000307688593329066
bank_14,0.0003075749286664638
wisconsin_2,0.0003074916630582858
committee_4,0.00030727273052068266
banking_11,0.00030723501301296337
blacklist_10,0.00030717236457542674
technology_18,0.0003071587132747256
stats_18,0.0003071205421523369
fed_11,0.0003070581456394725
financial_8,0.0003070079221779052
risk_7,0.00030693770286000275
community_1,0.0003067627262667236
president_3,0.0003063826482077227
justice_12,0.00030605682165243074
inflation_20,0.0003059163398435572
ore_3,0.00030584888194812944
economics_1,0.0003056410350370707
ltd_20,0.00030547564971832947
illinois_6,0.00030534666088386663
economic_16,0.0003053433410988474
companies_5,0.0003049938266035202
president_14,0.00030497895352649357
federal_6,0.0003048370821875464
oil_15,0.0003048159893820449
inc_15,0.00030466072070077716
car_10,0.00030456575616215364
police_19,0.00030453423557358215
DOW_JONES_1,0.0003044899856724735
marketing_10,0.00030402446214314186
county_13,0.0003039022870367563
society_7,0.0003037841791875645
headlines_10,0.00030378279809662834
project_5,0.0003035600992961513
finance_4,0.00030337764737951693
arts_8,0.00030336711134491704
metals_10,0.00030328754525644726
ltd_19,0.00030324533697827715
business_7,0.00030298227608595025
loss_14,0.000302958112254745
hedge_1,0.00030295263592722196
lifestyle_14,0.0003025456289631311
bubble_1,0.0003024291462322825
car_2,0.0003016050399780925
stats_20,0.00030154002654412876
DOW_JONES_14,0.0003015279555394985
food_16,0.00030133186221414714
happy_10,0.00030104527549713395
york_7,0.00030088002221252637
technology_2,0.00030081101731971603
court_17,0.000300681488215719
illinois_7,0.00030062381492781937
inc_18,0.00030049854723890367
governor_19,0.0003004763989165997
oil_14,0.00030042699565253856
office_11,0.0003003850588839316
train_19,0.00030022474124299757
virginia_18,0.00030014876037315753
dow_jones_3,0.000300145671640794
rich_7,0.0003000226675758971
washington_3,0.0003000191640205875
return_8,0.0003000175428306241
president_11,0.00029994834997892287
garden_18,0.0002997917592063634
headlines_1,0.00029969391466183647
labor_11,0.00029949423363629274
happy_4,0.0002994533518044693
money_20,0.0002992132257136245
election_3,0.00029896099664279626
stocks_2,0.00029883624618302565
service_11,0.00029883588636027327
success_16,0.0002987875162426847
invest_20,0.0002987654885616704
metals_4,0.00029839360642252926
elected_11,0.0002976563745635722
kentucky_1,0.00029747227903864496
world_1,0.000297417308103029
william_13,0.00029737307539625844
secretary_18,0.0002973263631156658
political_6,0.0002973215070887236
buy_8,0.00029729601490130844
office_19,0.00029728851738428265
revenue_3,0.0002971953316218493
senate_5,0.00029712000788653664
fun_12,0.00029711675186795575
unemployment_13,0.0002968858693373656
kitchen_15,0.0002968308375008376
finance_5,0.0002967396518789443
derivatives_7,0.0002961521746647165
war_11,0.0002960105412132417
stocks_19,0.0002959881865861785
gold_1,0.00029595369273964576
service_16,0.00029591879101046454
ltd_2,0.00029571419749034513
political_14,0.00029560538866811657
war_19,0.0002954486256154565
risk_15,0.0002951967509446538
unemployment_14,0.00029517543990524044
minister_17,0.00029517095016618763
political_4,0.0002946807447148202
political_7,0.00029451246820392374
global_15,0.0002945113044506898
corporation_14,0.0002943535517234245
office_20,0.00029432073427027467
corporation_17,0.0002941597025621705
party_18,0.0002941582844979242
office_5,0.00029407063698875337
wisconsin_11,0.00029396855556294973
services_17,0.00029394321831080055
gains_19,0.0002939131052224207
money_5,0.0002935319476988666
management_6,0.0002935244499227893
gains_12,0.0002934645045623508
william_6,0.0002934083317560503
marriage_5,0.0002933469442379039
founded_8,0.0002930716610392988
carolina_4,0.00029300579861634904
war_6,0.000292994340308403
consumption_20,0.0002928299148512112
cash_1,0.00029268649724470804
technology_1,0.000292676949877224
illinois_15,0.00029251241716400655
election_14,0.00029249404941550773
world_7,0.0002922815012972956
ring_16,0.00029211555410310527
office_3,0.0002920089445033306
president_10,0.0002919809612219589
federal_10,0.0002919673276343274
district_11,0.0002918961564183409
stats_5,0.0002918831575397769
business_4,0.0002918758967497148
ohio_14,0.00029185232232465096
industry_17,0.0002918063876819087
washington_17,0.00029177486650419486
rich_12,0.0002916918720738063
committee_10,0.0002915286171681647
success_10,0.0002914981646948717
political_19,0.00029135791472844133
finance_8,0.0002913568099027472
movie_6,0.00029122615927470546
representatives_1,0.00029112253903204886
trader_13,0.0002907797102066844
georgia_3,0.00029048187333414723
case_3,0.00029047813176128455
governor_6,0.0002902573840914102
project_8,0.00029005372617035277
technology_12,0.0002900424520800239
secretary_9,0.00028992767396392063
revenue_12,0.00028933285273855295
county_17,0.0002891916496490594
secretary_4,0.0002891823389243515
happy_7,0.00028897296455848747
rights_4,0.00028885501303704505
markets_18,0.0002887826818355334
train_2,0.00028867600868434
college_11,0.0002886720251199734
wisconsin_3,0.0002883948274713149
happy_16,0.00028826957651527884
business_19,0.0002882588959960887
buy_10,0.0002881267516230372
lifestyle_19,0.0002879662779878894
founded_5,0.0002878978802695085
illinois_13,0.00028759311507542824
chance_8,0.0002875141029250337
gold_18,0.00028750502082443925
council_17,0.00028738275501489076
gains_10,0.00028723433520360953
global_14,0.0002871291718843393
council_1,0.00028696675219330167
investment_7,0.0002869637742878691
inc_9,0.0002869036307174406
religion_5,0.0002865177006900257
services_4,0.00028637491811553406
finance_3,0.0002862547803595995
representatives_8,0.00028620433273997243
service_4,0.00028619644842628976
president_19,0.0002861550277404969
social_4,0.0002861018139862873
inc_6,0.0002859245856058864
culture_18,0.0002857232576831158
growth_5,0.0002855764691444483
ore_11,0.000285521849110184
fed_15,0.00028544715171408295
federal_1,0.000285411449451009
return_9,0.00028530740089572883
crisis_15,0.0002849659249214302
movement_9,0.00028487345962124275
companies_2,0.0002848151417766946
justice_9,0.0002848031202257023
invest_8,0.0002847083816605458
crisis_19,0.0002846846733896104
home_18,0.0002845021288225379
credit_12,0.0002844885263306624
social_6,0.00028443342036211784
gold_16,0.0002844041228342968
fun_18,0.000284339447183846
happy_11,0.00028427504109798787
unemployment_2,0.000284264228324771
community_11,0.0002837404954995216
companies_12,0.0002836560555090692
rich_3,0.0002836394011875504
office_1,0.00028363098619984075
service_2,0.00028361842476582605
financial_7,0.00028349151791242283
housing_18,0.0002833956202747774
color_6,0.0002832649738604148
culture_11,0.0002831417515989127
council_10,0.00028309446664383047
credit_19,0.0002829680187496173
republican_9,0.00028284063805465346
home_3,0.0002824491804338077
political_12,0.00028240710274253945
culture_14,0.00028231773680115316
restaurant_15,0.00028216313420037324
movie_11,0.0002821047777754263
world_12,0.0002820936146597248
culture_7,0.0002820630792994967
forex_3,0.00028180323557555305
bank_12,0.00028178083445220083
development_8,0.0002817655493597053
products_13,0.00028170393362429556
legal_12,0.0002815687406545772
federal_3,0.0002814593817755329
trader_20,0.00028135311006673576
seats_11,0.000280967340996905
corporation_5,0.00028090499430334507
car_12,0.0002808885544772192
social_2,0.0002808821825171176
police_13,0.0002808632016439358
garden_2,0.00028075447934936183
kentucky_9,0.0002806384519146163
credit_18,0.00028059870108369903
earnings_4,0.0002804942447535884
ore_8,0.0002804320273498121
management_9,0.0002804111225421965
blacklist_15,0.0002803380727170139
judge_4,0.00028026278438609805
district_14,0.00028025265572846175
banking_18,0.0002801236911834982
elected_12,0.00028010903569148456
society_1,0.0002800369419831234
federal_7,0.0002799054491089903
sell_2,0.00027972961353584636
court_5,0.0002797257575026929
georgia_17,0.0002796485613197041
security_20,0.00027952141633857735
members_13,0.00027946628434702365
college_8,0.00027946063546824615
nasdaq_1,0.00027942732089790027
fun_7,0.00027941904024723495
elected_16,0.00027936744574430094
secretary_14,0.00027925562042584553
texas_17,0.00027919410142132124
money_6,0.00027911316827343164
companies_20,0.000278988825951586
crisis_7,0.00027897024777795296
college_17,0.00027891571608518954
vermont_2,0.00027890604228866377
ring_12,0.00027889135662932733
act_7,0.0002787466931900279
energy_14,0.0002786662637922063
president_18,0.0002786042105787343
governor_11,0.0002785457541822449
fine_7,0.00027836106548989386
transaction_7,0.000278346831031352
loss_10,0.0002783073120327553
security_5,0.0002782898111793884
debt_20,0.0002782373093496451
chance_11,0.0002781992668031649
president_1,0.00027812814178193286
world_16,0.0002778930503596656
loss_2,0.0002777654090093705
governor_20,0.0002776766435703526
minister_18,0.00027744157954063956
bubble_12,0.00027740547110295893
government_5,0.00027735939376451223
inflation_19,0.00027691309466759277
secretary_5,0.00027686587588616557
buy_6,0.0002768496715885764
short_selling_5,0.0002767210357097637
forex_9,0.0002765986143974917
corporation_10,0.0002765341319678352
million_8,0.0002764790418624639
banking_8,0.0002762472890688219
management_14,0.0002761871635603611
kitchen_11,0.00027596829901603375
republican_16,0.0002758654562747596
secretary_2,0.0002758344122257342
return_3,0.00027565483309425863
opportunity_19,0.0002756381174962637
council_19,0.00027553647955076525
default_19,0.0002753983392312446
companies_17,0.00027537123028617224
returns_2,0.0002753612700430253
travel_5,0.0002752082030541255
chance_13,0.0002750195019925451
nasdaq_6,0.0002749662957503083
case_19,0.0002747376058840334
political_16,0.00027473396770934965
banking_15,0.0002746971425007955
forex_16,0.00027448942542980103
inc_17,0.00027448526441471775
economics_15,0.0002744837159961024
ohio_17,0.00027445078262268766
market_17,0.00027433304310634275
project_18,0.0002743135086291719
food_20,0.00027431054646351853
vermont_10,0.0002742221838712383
democratic_2,0.0002741601227396996
governor_2,0.0002740513307169573
energy_7,0.000273949660287172
rich_5,0.00027386122848305504
project_13,0.00027385734686276693
york_17,0.00027379190665282395
environment_16,0.00027374731729874427
transaction_8,0.00027371889527678147
missouri_4,0.00027368475237819735
markets_10,0.00027349104305077394
society_4,0.000273431492648594
committee_14,0.0002733645351112714
county_11,0.00027332908959585976
case_1,0.00027331152701989494
travel_6,0.0002732861076633557
sell_14,0.0002732655660100816
elections_19,0.00027326318078281183
finance_7,0.0002730810539525792
office_15,0.0002730586669244747
community_14,0.0002729532294533858
crash_8,0.0002727366001776049
transaction_12,0.00027256348340478704
short_selling_1,0.0002723253096691672
corporation_12,0.00027222679704922873
police_15,0.0002720764008710543
missouri_5,0.00027196918140932923
president_4,0.0002719008268334802
holiday_7,0.0002717455041744458
credit_9,0.00027174352320067426
district_13,0.00027144340563179135
project_15,0.00027139194830755336
case_13,0.0002711737633344399
served_10,0.00027106237025449506
global_12,0.00027067148671889256
services_10,0.0002706643312448293
texas_7,0.00027052684490103926
profit_3,0.0002703280642210309
republican_6,0.0002702990544100154
car_6,0.00027023413983207615
ring_20,0.0002699536179360856
society_13,0.0002697239157766947
restaurant_10,0.0002697002893149667
labor_6,0.0002694069314051744
stats_12,0.0002691019507595839
illinois_12,0.000269047257614045
environment_9,0.0002689336604593971
governor_12,0.00026876215796999947
act_2,0.00026871566420378994
housing_19,0.0002686889557713968
bank_16,0.00026868802440708573
pennsylvania_15,0.00026865555574018637
cancer_15,0.00026864496383022013
default_6,0.0002685204277249787
default_7,0.0002683845727859884
law_4,0.00026838049008608925
ore_20,0.0002683474527014755
crash_2,0.0002681446872044494
society_11,0.00026812795330210485
money_2,0.00026795271892334394
party_4,0.00026794948468184324
culture_4,0.00026791541047654487
marketing_1,0.0002678852536936974
leverage_10,0.00026786819439968053
management_12,0.0002678122881410937
social_10,0.0002677822789628795
party_2,0.0002676809529030291
missouri_2,0.0002675370718836682
firm_6,0.0002672088979662383
credit_10,0.0002670405962321494
investment_13,0.000267003791007742
wisconsin_7,0.0002669714717092686
business_17,0.00026686657642011996
products_17,0.0002668134730365037
color_2,0.0002666778339346086
ring_11,0.00026651402718430865
world_19,0.0002664739183305779
growth_2,0.0002663705219471927
happy_19,0.00026633809774762355
elections_10,0.0002661367336855203
justice_13,0.0002660991027157817
judge_2,0.0002659513687781686
holiday_13,0.0002657973304238337
legal_10,0.0002656413492932263
water_5,0.00026563247584975735
house_15,0.0002656024907086249
union_9,0.00026538314475638933
housing_20,0.0002652825078295407
economics_10,0.00026522608533380304
house_12,0.00026473675755681254
hedge_15,0.0002647259967899512
DOW_JONES_6,0.0002646679271250091
votes_19,0.000264510677533443
travel_1,0.0002642270674716867
society_12,0.0002642086849641249
health_7,0.00026415236466169665
ore_13,0.0002641429241826092
banking_16,0.00026410808782772777
economy_19,0.00026406769128621235
economy_5,0.0002638558001730314
wisconsin_16,0.00026381500967478607
district_9,0.0002638133628822971
arts_3,0.0002636659893569522
district_8,0.0002635487708292319
travel_9,0.00026354178982313984
judge_8,0.0002635103943973578
texas_6,0.0002634312461389453
kitchen_9,0.00026315752680347506
lifestyle_17,0.0002627064672498388
world_20,0.00026266589922318727
housing_8,0.00026258982317290715
forex_6,0.00026255193074743954
DOW_JONES_17,0.00026245294365548035
government_16,0.000262372355710139
ceo_6,0.0002623460683820536
movement_6,0.00026231444605561354
vermont_17,0.0002622240306801681
bonds_16,0.00026203186132372293
home_4,0.0002619841270761536
freedom_1,0.0002619763609405377
travel_18,0.0002619692202358955
kitchen_8,0.00026195081718789455
labor_18,0.00026178536032842416
industry_8,0.00026177597583388874
water_2,0.00026177225750862034
arts_1,0.00026173700731022817
products_6,0.0002615707771626787
vermont_1,0.00026154810154953024
returns_1,0.00026154522295567315
opportunity_9,0.0002613296999457043
members_4,0.0002611688121826399
law_5,0.0002611026621189052
growth_17,0.0002609877283308964
carolina_15,0.00026087661940371273
union_13,0.000260865734756834
corporation_20,0.00026080381275388664
DOW_JONES_8,0.000260802826049101
firm_9,0.00026078799518378527
missouri_16,0.0002607475608138005
elections_1,0.00026074145872010567
ring_7,0.0002607250727876273
nasdaq_5,0.0002607171282988793
technology_6,0.00026062895486048777
republican_1,0.0002605748766439023
elections_20,0.0002605576191963544
society_6,0.00026048597940862947
garden_4,0.00026024678380090276
technology_14,0.00026016568771632234
consumption_17,0.00026012475911862395
development_20,0.00026007720292502964
war_2,0.0002600294065035596
sell_18,0.0002597794777318259
wisconsin_20,0.0002596443170016704
tourism_12,0.0002596272282296523
housing_4,0.0002595668509807756
wisconsin_14,0.0002595248683445427
debt_15,0.0002594183512841973
management_8,0.00025938346952989345
economics_17,0.000259180814140976
election_1,0.0002590083124720729
energy_15,0.00025896246027196963
train_20,0.0002589010575243789
water_9,0.00025847062980445285
food_15,0.00025842585352395486
returns_6,0.0002583988807062133
government_13,0.0002583757439602362
law_6,0.00025836340326337794
rights_2,0.0002583588578698239
happy_6,0.0002582272692909205
fine_11,0.00025791125964344297
development_4,0.0002577770924774861
gains_8,0.0002576500233258153
market_11,0.00025743461265773814
companies_6,0.00025740001369417326
train_1,0.00025734781771187423
inc_11,0.0002571990974309361
police_20,0.0002571795867812717
economy_2,0.00025713967960708516
train_16,0.0002569630779716747
council_14,0.00025689605963983306
economy_8,0.00025679425521618144
governor_8,0.00025678671765112055
money_16,0.00025657505321682834
stats_15,0.00025657061464083906
conflict_1,0.0002564944434236462
social_7,0.0002564927987461003
return_7,0.0002564867965199787
washington_18,0.0002564727462239471
missouri_9,0.0002563476904518068
marketing_12,0.00025628692683819077
texas_19,0.00025628491383745874
business_6,0.000256276880485132
william_11,0.00025616108328324415
food_11,0.00025597001328984373
metals_6,0.0002558670835212396
housing_10,0.00025568613763828155
markets_5,0.0002556749222754272
law_10,0.0002555426846859204
service_5,0.0002554934574187392
development_10,0.00025539852047146524
inc_10,0.00025534546347179244
travel_10,0.00025534346619497336
present_6,0.0002550819773509351
default_18,0.0002550514675136166
minister_14,0.00025495156458645886
firm_5,0.00025479460990043254
business_16,0.00025476749101819755
voters_18,0.0002547125433595823
politics_3,0.00025468536522456196
office_16,0.0002544052155662552
cash_5,0.00025436490940997975
returns_7,0.0002543298424043173
union_4,0.00025427343356061277
house_5,0.00025423659719265093
corporation_2,0.00025411276145833846
ring_19,0.00025408188459487437
fed_13,0.00025406726357194413
war_17,0.00025381476208516417
members_1,0.00025343523972631485
votes_10,0.0002534107325632496
metals_7,0.0002532732125753038
religion_2,0.0002531774948310415
oil_3,0.0002530035405219236
returns_16,0.00025297160378417516
ohio_10,0.0002529597344664537
unemployment_19,0.0002529322327662411
unemployment_15,0.00025287487355260725
debt_12,0.0002528083100397533
tennessee_2,0.00025259983762636594
office_9,0.0002525941203521295
founded_4,0.0002525300079126443
gains_20,0.0002522671942221822
gold_6,0.0002522641912334861
marketing_4,0.0002521818064573401
corporation_1,0.0002519378355444183
texas_1,0.00025182123116020464
house_20,0.00025173127761772286
color_10,0.0002517252653418613
media_10,0.00025171025684786084
democratic_10,0.0002515447893834926
bonds_6,0.00025139997286366644
york_12,0.00025116045941971196
elected_9,0.0002510758438635783
court_11,0.00025106244207645127
crisis_10,0.0002510256306073923
greed_20,0.0002510212649349422
elected_5,0.0002509679299943655
risk_20,0.0002508781561932244
consumption_1,0.00025079224660076184
management_18,0.00025078075475230165
oil_1,0.00025072563221344054
movie_20,0.000250652462548763
court_13,0.0002506288593476469
sell_12,0.0002505121383693459
car_1,0.0002502172059251006
district_5,0.0002500559332069882
served_18,0.00025004839966129587
fed_8,0.0002499977907709792
fed_3,0.0002499778116682652
union_7,0.0002499667093684058
missouri_17,0.00024989470920738115
carolina_7,0.00024989406318825456
minister_20,0.00024988149214291716
energy_18,0.00024982100054876444
management_5,0.00024980689995221685
members_14,0.0002497914176702041
massachusetts_20,0.00024977560532392384
home_7,0.0002496340548168086
gold_8,0.00024957847934114276
cash_17,0.0002494340700381813
food_1,0.0002492281423745036
trader_14,0.00024922221028180245
color_15,0.00024903378562255834
illinois_14,0.000248857254951334
movie_13,0.00024874091485915865
investment_1,0.0002485599030199998
products_2,0.0002485549645369832
ring_6,0.00024854483519835905
fun_16,0.0002485113870977008
dividend_19,0.00024849597530405215
success_3,0.0002482433604892606
media_1,0.00024819692834289665
ore_2,0.00024817840098052113
kitchen_4,0.00024816901482359625
cancer_5,0.00024809840265997777
financial_17,0.0002478985575047449
county_2,0.00024789526518889817
inc_8,0.00024786546551139153
nyse_7,0.00024755909625181084
million_1,0.00024755241094721035
garden_9,0.0002473990373248938
movement_17,0.00024707544406629147
profit_16,0.0002470234754874323
gain_3,0.0002469936798171911
law_2,0.0002469767288769412
office_14,0.00024693908246821845
law_8,0.00024693003225011406
investment_2,0.0002468809192877424
rich_6,0.0002466718141423656
management_16,0.00024665493443874146
college_10,0.0002466388758262807
stock_market_10,0.00024649011756686887
society_3,0.0002464479762441301
economy_6,0.00024639128646402865
housing_11,0.0002463730791562309
hedge_18,0.0002463206020544187
stats_10,0.000246315440445382
case_17,0.0002461529229198775
judge_14,0.00024614352793535097
minister_15,0.00024613309798872347
committee_2,0.00024603344763504486
wisconsin_10,0.0002459001686962639
religion_7,0.000245762332829116
government_14,0.0002456270841250607
banking_14,0.0002454928782998071
unemployment_9,0.00024546842678734075
judge_18,0.00024543440461845825
social_13,0.00024536948128287814
project_11,0.00024531916350397335
cancer_10,0.00024524404476666426
firm_10,0.00024522729521421987
case_10,0.00024509448304732936
democratic_19,0.000244913988673474
gold_10,0.0002449034647390869
union_5,0.000244899011837889
district_17,0.00024484562322127184
ltd_5,0.00024465318703012793
movement_8,0.0002446112086210423
money_18,0.0002446011766079882
ltd_3,0.00024458207208143443
home_9,0.00024455917791796876
economic_8,0.0002444633052354427
restaurant_2,0.0002443625713721389
marriage_6,0.00024433224905731773
war_3,0.00024426419965902933
marriage_17,0.00024420285607053147
legal_16,0.0002441946542261125
trader_15,0.00024413684802340383
virginia_15,0.0002441121959599732
office_18,0.0002440612687398136
returns_19,0.00024405880077648013
religion_15,0.00024398063535351248
election_8,0.00024395971311799784
bonds_10,0.00024394765061689228
media_6,0.0002439245864801772
leverage_13,0.00024383699350464966
economy_9,0.00024369869143491178
vermont_5,0.0002435929761308114
revenue_16,0.00024358284089479965
marketing_8,0.00024357301174578552
labor_19,0.00024352011623387867
college_3,0.00024333864729774034
restaurant_18,0.0002431615750311024
georgia_6,0.0002430821494683404
financial_6,0.00024296670759700847
portfolio_11,0.00024293661239782618
metals_5,0.00024281928795744036
community_17,0.00024281141009875108
fine_2,0.00024266455806486227
carolina_9,0.00024258164108742993
act_12,0.00024252137332673676
nyse_5,0.00024245523413409935
fun_9,0.00024236905295262862
political_15,0.00024236064602732552
firm_13,0.00024233661738989263
democratic_15,0.00024227204174606803
nasdaq_2,0.00024218085627589512
massachusetts_3,0.000241984962970553
police_12,0.00024193251255631061
crash_15,0.00024181693858074479
minister_10,0.0002417902631753674
development_18,0.00024173139220301084
security_17,0.0002417204101563498
tennessee_11,0.00024161706192005788
bank_20,0.00024148970655527949
service_9,0.00024145734076695
ltd_18,0.00024140184182093257
politics_4,0.0002412883114549082
default_8,0.00024124885857086407
project_3,0.00024118190313192366
district_10,0.0002411353943933351
debt_5,0.00024100603205556774
bubble_5,0.00024099877177647088
investment_10,0.00024094460470533292
william_20,0.0002409426303734149
case_12,0.00024091125996710975
dow_jones_16,0.00024079319348679123
ceo_10,0.00024073644712420826
government_2,0.00024064869895523418
kentucky_13,0.0002405947779066939
finance_16,0.0002405437616453772
service_20,0.00024047384864990914
return_11,0.00024042102972351886
bank_8,0.0002404204875333974
water_8,0.00024032710365097426
nyse_16,0.0002402516164086896
revenue_8,0.00024022297748224942
bubble_19,0.00024022287552782502
legal_1,0.00024022018192421774
development_17,0.00024021842371420153
products_19,0.00024016075254591833
corporation_13,0.00024015152516453049
illinois_2,0.00023985386988515698
marriage_7,0.0002397044420953633
crash_10,0.0002396951870138262
cash_12,0.00023964136212611603
district_19,0.00023959112452659925
rich_14,0.0002394812412799963
political_11,0.0002394769574345018
gain_14,0.00023933256338628134
missouri_10,0.00023918781892314276
unemployment_8,0.0002390330584382015
default_17,0.00023896096152389499
investment_4,0.00023895522097623184
project_2,0.00023893029391626686
service_7,0.00023891245806142267
georgia_9,0.0002388596572632124
car_16,0.00023884313347844312
hedge_12,0.00023864800409309747
headlines_5,0.00023853082397170752
movie_15,0.0002385118670733914
college_16,0.00023849166816353323
washington_15,0.00023820369222110708
tennessee_5,0.00023819793373706038
elected_7,0.0002381959802219921
pennsylvania_16,0.00023810153953109
market_10,0.00023796833661012277
law_3,0.00023765676971690687
political_20,0.00023759995655643387
marriage_2,0.00023730560088355926
elections_16,0.00023685653357005015
community_20,0.00023685369366939303
case_15,0.00023674860119749487
money_11,0.00023636033269185263
chance_7,0.00023616718486059972
water_12,0.0002361500522095247
economy_16,0.00023608696089337403
elections_17,0.00023603446974997336
companies_18,0.0002360283820877425
management_7,0.00023594125066943165
georgia_12,0.00023581335387280598
inc_12,0.00023574751335228624
bonds_19,0.00023573513095702747
loss_16,0.00023552828681884294
government_20,0.00023544845913312296
crisis_13,0.00023542019319988954
dividend_18,0.00023536998925969177
culture_3,0.0002353061141335523
labor_17,0.00023529954955110648
college_14,0.00023514843789082583
county_19,0.00023510119857941887
cash_10,0.00023497338951654554
bonds_1,0.00023491778446076107
color_7,0.00023487750541716264
texas_15,0.00023485451698865645
elected_19,0.00023481386923171978
garden_11,0.00023480159440342414
opportunity_3,0.00023474666329583019
train_5,0.00023464761750759613
inflation_11,0.0002346444594853051
marketing_9,0.0002346431777539642
judge_16,0.00023461835851546105
politics_17,0.0002345978265024745
gold_4,0.0002345672494733227
markets_1,0.0002344155814901365
energy_9,0.00023427875448615528
health_17,0.00023421543880057982
county_3,0.00023420513289795642
election_13,0.00023405622573753775
project_9,0.00023393058055381445
companies_3,0.00023389517726170377
happy_15,0.0002338777298636222
products_15,0.00023345533516869047
markets_4,0.000233402546685205
office_12,0.00023337501141439164
fed_1,0.0002331998296237932
million_4,0.00023312349310621882
loss_18,0.0002330202598046491
risk_18,0.00023301504105545858
investment_12,0.00023299990248071522
office_2,0.00023299083724400002
car_15,0.00023289467843075817
garden_15,0.0002327142326272111
pennsylvania_2,0.00023271337283616822
inc_19,0.00023256745024834619
police_1,0.00023252991616999288
union_17,0.0002323448625523882
kentucky_6,0.00023225296678902347
growth_3,0.00023225215094551245
police_2,0.0002321394827460266
loss_4,0.0002320640985820325
firm_15,0.0002320140264479604
ore_7,0.00023195331189627608
case_20,0.0002318059286583234
economy_1,0.00023174558954219333
growth_18,0.00023173331078470724
economy_14,0.00023173123517230515
crash_7,0.00023169169974388245
labor_14,0.00023162925680356776
stock_market_2,0.0002316262641650449
justice_15,0.0002316002699027171
william_9,0.00023149452703575196
technology_13,0.00023137867850457676
court_4,0.00023135916803798613
market_7,0.00023132134306422288
bubble_18,0.00023125535385684523
vermont_13,0.00023115453327341882
social_11,0.0002310258173872978
minister_8,0.00023102404502203206
energy_5,0.00023098123784671254
present_3,0.00023096687346579498
opportunity_20,0.00023085032803156955
consumption_9,0.00023081819733497265
ring_13,0.00023079097924519066
travel_13,0.0002307355590229308
members_6,0.00023068437769852498
representatives_10,0.00023068162331949378
rich_9,0.00023063796437072047
secretary_7,0.00023051322085774426
economy_20,0.00023051148563524543
william_16,0.0002303756390693812
cancer_14,0.00023034733717222075
nasdaq_15,0.00023033233077076183
transaction_5,0.00023032128463332612
return_12,0.0002303002784777815
georgia_10,0.0002302874209369869
security_6,0.00023000874913843786
election_2,0.00022990142168381573
oil_17,0.00022975988002671083
movie_14,0.00022966964507410684
tourism_7,0.00022962774806171217
york_11,0.00022961140109209216
bank_13,0.00022960738993879103
cancer_1,0.00022958013567801936
rich_4,0.00022955279195017436
earnings_20,0.00022949653082218074
senate_3,0.00022944937626000585
governor_4,0.0002293560513272572
garden_10,0.00022935442042962877
fine_6,0.00022930444193416954
oil_20,0.00022917943977113507
world_4,0.0002291591974163833
tennessee_19,0.000229087106774346
war_15,0.00022902903172306336
markets_19,0.00022899739069482967
restaurant_17,0.00022884284399133785
house_11,0.0002288074852004088
fond_17,0.0002286967223958226
home_13,0.00022864218486530423
judge_6,0.00022856094646566183
party_17,0.00022854830610037426
vermont_16,0.00022853900861928735
housing_12,0.00022851429247701993
social_18,0.0002284935863750783
government_12,0.00022833873917390153
consume_7,0.00022821584383280648
industry_1,0.00022812948159401614
crisis_17,0.00022802016784759233
virginia_16,0.00022795682432937714
massachusetts_4,0.00022782248605970266
election_12,0.00022780307102312342
party_10,0.0002277557866395392
freedom_8,0.00022756987570391935
tennessee_18,0.00022752107696994632
stock_market_20,0.0002274470241415354
food_9,0.00022744507346164435
trader_8,0.00022730517361455862
tennessee_13,0.00022727841268458334
cancer_6,0.00022727545432280362
train_4,0.00022726002706844524
chance_15,0.0002272301201907935
service_10,0.00022717238676921262
religion_17,0.0002271474632938452
elections_11,0.00022713846121180252
food_5,0.0002271095426132037
restaurant_8,0.00022709221860233106
georgia_16,0.00022703517739209062
legal_20,0.00022703027609550965
dividend_9,0.00022678342597129647
corporation_16,0.00022668472312370027
missouri_6,0.0002266349157943902
development_19,0.00022661203518864145
committee_9,0.00022657236371783303
government_8,0.00022652583155358924
companies_13,0.00022648974437210458
crash_11,0.00022641822474590482
kitchen_20,0.00022639845333304398
social_12,0.0002263516109288865
voters_12,0.00022631567837394563
voters_10,0.00022631529536956823
economics_3,0.00022619636707673927
buy_9,0.00022590242649861436
economy_12,0.0002257637833729113
global_9,0.00022559370232816747
risk_11,0.00022549317736478836
trader_9,0.00022535677937174183
arts_16,0.00022531102546532046
judge_10,0.00022528766408396963
environment_10,0.00022514232165125612
DOW_JONES_12,0.00022495663589726557
cancer_2,0.00022479753855965008
bubble_3,0.00022477058245734034
inflation_13,0.0002247603812275745
ring_17,0.00022465088779378848
arts_12,0.00022463993705613354
governor_14,0.00022462075775960512
lifestyle_2,0.00022460396419367028
rich_2,0.00022444376062947497
risk_16,0.0002244319171341114
york_14,0.000224143505603712
william_10,0.00022412027231492963
ceo_8,0.00022408613877432555
companies_15,0.00022390743588178344
crash_13,0.00022380975231426457
society_10,0.00022379951337530099
finance_2,0.00022377627289045144
color_14,0.0002236858273938977
law_11,0.000223652492279208
fond_16,0.00022359591317989272
movement_16,0.0002234841251728362
served_15,0.00022344004647730512
act_13,0.00022339678526446806
default_5,0.00022320284386123266
party_12,0.0002231409494211436
kitchen_10,0.0002229997138149309
firm_19,0.00022297102611903817
court_3,0.00022276223994981313
ore_9,0.00022267589974004696
products_3,0.0002226538333917649
health_4,0.00022248207271430263
firm_18,0.00022245682426554918
tennessee_1,0.00022240871364575195
crisis_8,0.0002223231600417053
movie_10,0.0002221831771673602
justice_2,0.00022216418544453314
act_15,0.00022214476552240308
president_15,0.00022214287652140343
labor_8,0.00022206284370649193
william_1,0.00022205609678150934
federal_14,0.00022204841888582663
unemployment_16,0.00022199175370747658
transaction_10,0.0002219777396984703
wisconsin_13,0.00022197672212946997
housing_2,0.00022190982765552341
social_3,0.00022180973983572036
republican_11,0.0002217639194382105
republican_13,0.0002217004769003726
fed_5,0.00022169511732237975
rich_18,0.00022147677449157902
illinois_9,0.00022127193159201638
freedom_19,0.00022127095677195607
project_17,0.00022114204895195617
lifestyle_1,0.00022089885009535156
tourism_14,0.00022073124122381935
society_17,0.00022055541869131726
lifestyle_8,0.0002203115474773965
loss_6,0.00022026151580758783
banking_12,0.00022023685829168014
environment_12,0.00022021824626284627
oil_5,0.00022020039991250105
committee_15,0.0002201808703905746
debt_17,0.00022017349155767198
stocks_9,0.00022002924761443902
bonds_9,0.000219938715582728
politics_15,0.00021984428909475423
movement_11,0.00021963417540990429
lifestyle_3,0.00021958849950784153
sell_3,0.0002195595366070726
hedge_13,0.0002195500334931583
washington_20,0.00021952169474001983
carolina_2,0.00021948474600121397
financial_18,0.00021932640927357236
gold_15,0.0002193039874782927
present_13,0.00021924879401718836
lifestyle_13,0.000219247431382203
freedom_16,0.0002191565667103417
conflict_5,0.00021911745439345378
marriage_19,0.00021907181317159537
washington_12,0.00021903101343663194
project_1,0.00021897977551978032
federal_18,0.0002189662614790912
stock_market_6,0.0002187362462903307
marriage_16,0.00021869321722025445
texas_12,0.0002186931030751907
gains_9,0.00021866359877970067
gold_17,0.00021865461212718643
water_17,0.0002186004127760331
restaurant_3,0.00021853375330399804
dividend_8,0.0002185161365144012
fond_7,0.00021839948118768793
forex_7,0.00021831359040965602
representatives_3,0.00021831036268712734
texas_9,0.00021824831513627812
judge_20,0.00021817644464255747
world_10,0.00021815629373865607
credit_5,0.00021807805976746707
york_3,0.00021782694159121685
society_19,0.00021776550798654736
garden_12,0.0002177519375285888
carolina_18,0.00021760192157843468
tourism_13,0.0002175364301073988
virginia_6,0.00021747918796626454
politics_5,0.00021746693946141977
community_16,0.00021738196585950105
ltd_11,0.0002173430380784908
gold_9,0.00021733986706331073
georgia_5,0.0002171777135332001
arts_4,0.0002169356982266975
business_1,0.0002169162981889933
housing_17,0.00021689443953293314
elections_8,0.0002168236975269746
cash_6,0.0002168057678260842
elections_14,0.0002168001971431453
missouri_8,0.00021660416711932648
management_17,0.0002165058262491665
trader_18,0.00021632902271209487
business_3,0.00021609430546023516
case_6,0.00021604692750832707
kitchen_5,0.00021596148424451707
crisis_1,0.0002159603535530333
rights_3,0.000215896507579524
federal_4,0.0002157088991598907
ore_15,0.00021560850312010217
stocks_17,0.00021549395166667985
leverage_20,0.00021548973426991158
kentucky_7,0.0002154017480589403
fun_1,0.0002152055568687029
bonds_11,0.0002150988289553579
return_20,0.0002148840614410713
headlines_11,0.0002148790839288648
corporation_15,0.0002146404535374761
environment_20,0.00021462352908694607
nasdaq_13,0.00021456306866072408
chance_5,0.00021455854761136375
college_12,0.00021447789859075514
gain_12,0.00021439640168086958
religion_14,0.00021433123493545844
profit_14,0.0002143011650389804
labor_12,0.00021424158006718073
markets_15,0.00021422786662779854
elections_18,0.0002140776824931078
wisconsin_18,0.0002140544106733343
inflation_7,0.00021396869866692367
justice_7,0.0002139123301227936
technology_19,0.00021389347339610237
ltd_12,0.0002138366316841111
culture_9,0.0002138225632286388
sell_20,0.00021380071972738237
votes_8,0.00021376404176072739
consumption_2,0.0002137531726521128
illinois_10,0.00021363821702452426
religion_9,0.00021327981696187977
pennsylvania_9,0.00021322408245547008
missouri_3,0.0002132230421059279
cash_8,0.0002130964538659758
water_18,0.00021297312471431012
rights_11,0.00021296153367625766
ministry_8,0.0002126591862292195
york_1,0.00021260343728772652
lifestyle_10,0.00021251299322663837
religion_18,0.00021244929341194602
tennessee_10,0.00021243647687313737
revenue_17,0.0002123300321811406
DOW_JONES_3,0.00021218448199362137
gold_7,0.00021212255030686236
bonds_12,0.00021198097254330065
justice_16,0.00021183282870219466
missouri_18,0.00021176843038175238
kitchen_17,0.00021170923149352756
labor_15,0.0002114446540279653
investment_8,0.0002114042429828877
transaction_15,0.00021139966282817798
security_18,0.00021127633910425953
movement_14,0.0002112374828749511
nyse_10,0.000211221824447324
judge_13,0.00021119427010351786
technology_3,0.00021106135728562789
political_8,0.0002109967021514682
culture_10,0.0002109628133008003
virginia_3,0.00021089985157196481
tennessee_20,0.00021073627533015188
media_12,0.00021063860635461433
votes_11,0.0002106383694219554
inc_16,0.00021057591105484738
politics_6,0.00021048178752706222
ceo_7,0.00021044879555434556
arts_15,0.00021043545895941407
car_17,0.0002104314350025493
loss_20,0.00021042010412421065
conflict_14,0.00021041259684716326
william_2,0.00021039571996698625
portfolio_1,0.00021034765644984806
law_15,0.00021029697709440805
world_11,0.00021029362443731358
president_13,0.00021026529253610323
culture_12,0.0002102349360445207
revenue_19,0.00021021490535963778
act_4,0.0002100506910689734
war_20,0.0002099345568400622
kentucky_3,0.00020988641583755127
culture_8,0.00020981158809013067
cash_16,0.00020980064655066831
default_4,0.0002097769305002538
ltd_8,0.00020972357534260742
consumption_13,0.00020969337343003535
fine_1,0.0002094746389481112
members_17,0.00020935900563616758
community_10,0.00020923707421969376
ceo_16,0.0002092291801922908
media_7,0.00020918738636741379
industry_16,0.00020918597976948245
service_15,0.000208969684175238
crisis_12,0.0002088305972117739
greed_15,0.000208715988659943
market_14,0.0002085169616784797
oil_7,0.0002084656373382164
freedom_13,0.0002083638080482585
council_5,0.00020812542409698561
kitchen_14,0.00020806286223604581
politics_20,0.0002080581548070377
economic_2,0.00020802313696176818
trader_1,0.00020762082082804927
global_11,0.00020754874685287915
pennsylvania_3,0.00020733746188785596
votes_14,0.00020729892517548843
union_15,0.0002072446004209294
republican_17,0.00020720304739685357
holiday_15,0.00020713714911178922
management_4,0.00020695671081650833
legal_6,0.0002068077916011562
court_9,0.0002064925475721752
loss_17,0.00020620790930769967
federal_13,0.00020619430736376707
portfolio_17,0.00020615876835096132
vermont_3,0.00020609703397197785
greed_14,0.00020594464738519114
metals_11,0.0002058013703926777
million_19,0.0002057954955355197
dividend_10,0.0002056846107423349
seats_19,0.00020562451918221491
happy_14,0.000205588527419115
senate_13,0.00020554111545427906
carolina_10,0.00020547311743305697
party_14,0.000205449077894876
dow_jones_20,0.00020542075426879615
office_10,0.0002053475795799277
color_4,0.00020511132050262925
nasdaq_10,0.00020501071425994445
nyse_19,0.0002049175532289101
party_20,0.00020489836334296893
products_16,0.00020488414851796752
earnings_13,0.00020472523995125722
garden_16,0.00020467313888894003
william_15,0.00020448699991199972
gains_13,0.00020447293977442335
services_12,0.00020426563711817164
food_17,0.00020422288213673643
nasdaq_14,0.00020415680262835106
religion_12,0.00020414344328556854
economic_6,0.00020408957874995957
corporation_6,0.0002038863944563648
health_8,0.0002038657081249112
district_15,0.00020371215976161484
ring_14,0.0002036720679492187
sell_10,0.00020365174219773446
returns_10,0.00020354497087333857
religion_6,0.00020351689761938382
council_3,0.00020348333536910625
car_20,0.0002033578433203357
freedom_18,0.00020333658637433427
culture_2,0.00020316965987698
million_7,0.00020313522112697094
case_2,0.00020313003433428673
law_13,0.00020307716223191537
business_10,0.00020303254515308954
world_15,0.00020278015423450446
environment_1,0.00020276486980898043
stocks_16,0.00020274251439622167
ohio_12,0.00020269140902521757
restaurant_19,0.00020256723680546541
industry_14,0.00020254660744849944
election_9,0.0002024960174376697
kentucky_20,0.00020235138895820454
ministry_3,0.00020211786664216981
headlines_19,0.000202097510075894
financial_2,0.00020201231290555916
profit_5,0.00020196483458315763
political_13,0.00020187050673148836
housing_3,0.00020180198007998282
marriage_15,0.00020174979075474354
police_7,0.0002017022317102199
economic_12,0.00020164849793112926
pennsylvania_10,0.00020162699779387186
rich_15,0.0002014268258092074
products_5,0.00020141109017636312
fed_12,0.00020132218980487977
kitchen_1,0.00020128122300111588
committee_3,0.00020120575543479272
fun_20,0.00020088895625747593
train_17,0.0002008440346825565
management_20,0.00020060089017010614
financial_11,0.00020058627163263294
markets_7,0.00020038966126976053
judge_17,0.000200255615543366
community_19,0.0002001491403049486
global_6,0.00020013570082707112
court_7,0.00020007849422428958
security_8,0.0002000188613800846
leverage_1,0.00020000489996012085
carolina_3,0.00019988828469658844
portfolio_14,0.0001998369163493009
marriage_9,0.00019972068395316325
wisconsin_15,0.0001996429908614111
finance_12,0.0001995840121375806
lifestyle_9,0.00019954844962257162
buy_19,0.00019949865788565892
elected_20,0.0001994837520311199
cancer_17,0.00019940174828143485
short_selling_7,0.00019918001407821624
risk_4,0.00019870563135974875
opportunity_4,0.00019867178126518103
county_6,0.00019866700593420598
conflict_4,0.0001986181179421546
representatives_15,0.0001985028361829616
kentucky_12,0.0001983974264834496
crash_14,0.00019826431633705496
holiday_18,0.00019812546406274803
present_2,0.00019806337399303682
committee_18,0.00019797473224913954
profit_2,0.0001978748401282612
political_9,0.00019780628337365925
DOW_JONES_18,0.00019760171544912192
law_20,0.00019754119507681402
financial_16,0.0001974269445262603
debt_10,0.0001973640367726986
stats_19,0.00019714014566123486
media_2,0.00019708380819581317
bubble_14,0.00019700196015278031
bubble_10,0.00019688660872238124
project_7,0.00019678607969509653
minister_16,0.00019671594050810434
democratic_20,0.00019652426829210444
marketing_20,0.0001964357410960254
million_20,0.0001963636593554062
tennessee_4,0.00019635491459275611
revenue_1,0.00019633519596714134
garden_5,0.00019615063555581904
culture_17,0.00019611317921322972
county_8,0.00019581124913386702
security_1,0.0001958026885761494
ohio_5,0.000195760772332667
judge_5,0.00019529773130241382
economy_7,0.00019526697115756277
cash_11,0.00019522344208393913
investment_18,0.00019519522178162418
holiday_20,0.00019512093541771162
vermont_18,0.0001949652755933793
holiday_5,0.0001949525496799227
fine_10,0.00019493754653588277
banking_19,0.00019492127918500422
car_14,0.0001948583107211287
success_1,0.00019476663945289162
served_2,0.00019470028707896514
founded_2,0.00019469968317249603
media_3,0.00019469598446402936
loss_7,0.00019466408229199388
oil_16,0.00019461657995752156
federal_9,0.0001943390348255778
bank_10,0.00019431531829024366
council_16,0.00019423955375425536
travel_8,0.00019419415887887
votes_7,0.00019412351005657145
democratic_1,0.00019408568288774807
committee_19,0.00019402453882304133
war_7,0.00019397629632575064
money_4,0.0001939165213052303
holiday_19,0.00019387622410901712
fun_6,0.0001938469044164626
virginia_17,0.00019383874076709225
house_16,0.00019373629902898537
revenue_4,0.0001937170367101814
cancer_12,0.000193638823765346
democratic_5,0.00019341578665817022
president_2,0.0001933517679970084
invest_18,0.00019333374578782712
gold_13,0.00019312598445066586
earnings_10,0.00019307348211716638
washington_9,0.00019305833920853536
kentucky_19,0.00019295329193560643
case_7,0.00019293454496942922
vermont_6,0.0001927850242696676
ltd_4,0.00019271231287706073
gold_20,0.00019269696976362123
million_15,0.00019268896706042623
missouri_12,0.00019261219949006405
ring_18,0.00019239273899512768
products_10,0.0001922295020363785
government_3,0.0001921787125778234
profit_10,0.00019213426217893462
votes_12,0.00019209443968464088
invest_13,0.00019185024673926474
present_1,0.0001917277637388682
committee_5,0.0001917252571888905
vermont_20,0.00019171448833821107
sell_17,0.00019165546053408542
rights_15,0.00019141304692810965
gold_19,0.00019141284914082215
returns_13,0.0001914074215798091
buy_2,0.00019131520719261146
social_16,0.0001913132302983194
industry_15,0.00019118010817668017
health_1,0.00019105216067175903
gain_8,0.0001910329756175832
georgia_14,0.0001909808066704296
ceo_5,0.00019091968036993021
money_9,0.00019089462015178777
massachusetts_1,0.00019079811323005117
elections_5,0.00019076309332209575
companies_7,0.00019073873203191466
products_1,0.0001907246023873775
crash_4,0.00019066693692862117
financial_3,0.00019064688846207528
council_15,0.00019062635195196342
energy_12,0.00019046460787352156
cancer_4,0.00019046197660926915
founded_10,0.00019044941262758578
credit_2,0.00019021489540940785
rich_10,0.00019020537322403714
crisis_11,0.00019016832628770768
council_11,0.00019011850592230307
services_7,0.0001900977809662469
marriage_14,0.00019009547436008617
federal_19,0.00018998855913022382
kentucky_14,0.0001899285645998603
nyse_14,0.0001897973951777872
virginia_1,0.0001897600296201329
portfolio_5,0.00018972308705275396
earnings_17,0.00018933885583045918
ring_10,0.00018924124993314887
color_11,0.0001891213455820912
rich_1,0.00018909585998270762
freedom_15,0.0001890593825197278
invest_10,0.0001890192611893692
million_5,0.00018898188889425964
blacklist_5,0.00018876223741376902
act_8,0.00018875467663059686
stats_4,0.00018872242473601256
republican_19,0.00018870098402210157
nasdaq_16,0.0001886705355293066
economy_4,0.00018866035010975136
energy_2,0.00018865089137167128
million_2,0.00018847471943343952
republican_7,0.00018845458225215836
community_3,0.000188367774090128
founded_6,0.00018826709384886498
environment_13,0.00018820554803180333
carolina_19,0.00018819234303497396
social_19,0.00018804255887218957
consumption_18,0.00018800209090978702
food_19,0.0001879701521532555
act_10,0.00018791006418495453
ceo_2,0.00018778037147213235
health_6,0.00018773302225536754
inflation_14,0.00018768699039181766
growth_15,0.00018746641128420622
minister_5,0.00018744014340785683
wisconsin_8,0.0001873720496534708
politics_19,0.00018734774537589488
massachusetts_8,0.00018732623992725574
color_19,0.00018727660353857635
legal_15,0.00018707308093250674
arts_5,0.00018698433285171696
rights_18,0.00018695152474589144
corporation_11,0.00018683872631229028
committee_16,0.0001866420023617186
ring_2,0.0001864042622517334
firm_1,0.00018638756394101014
gain_6,0.00018615836243121055
founded_19,0.00018610418372283917
case_14,0.0001860524484968089
voters_3,0.00018601641217807358
republican_5,0.00018601333243875657
william_7,0.00018598312235591929
environment_2,0.00018574567825484705
industry_2,0.0001857205530765479
legal_18,0.00018568701868813283
texas_16,0.00018558055115145197
gain_5,0.0001853450625665863
products_20,0.00018530747332231402
opportunity_8,0.00018523981343773077
million_16,0.00018519657665043164
labor_20,0.00018516295086687824
revenue_20,0.00018512687974004655
dividend_2,0.00018487728871206794
return_5,0.00018487540993576451
garden_17,0.000184871761819605
senate_15,0.0001847561788653231
rich_16,0.00018473006626201787
credit_4,0.0001847217670292585
debt_3,0.00018459960525104912
kitchen_19,0.00018435873582045188
marriage_11,0.00018428285639618075
case_18,0.00018400874042321278
consumption_3,0.00018398695687400996
fine_14,0.00018391676154492785
headlines_14,0.000183875626836753
politics_8,0.00018378330795943475
crash_12,0.0001837700781809295
arts_13,0.00018376195590354805
society_15,0.00018368370296556726
consumption_16,0.00018366968694802499
services_5,0.0001836289248696359
holiday_1,0.00018359052695215934
industry_11,0.00018358731556160064
train_9,0.00018352430633920323
kentucky_8,0.00018351347894340656
society_14,0.00018345501185059983
million_14,0.0001834395257627175
governor_1,0.00018324342190238085
leverage_11,0.00018319791585367368
marketing_16,0.00018315667650855812
technology_4,0.00018312089032254404
tennessee_6,0.0001830341459245378
fun_2,0.0001830074244509389
media_8,0.00018272164246310743
party_1,0.0001826589747263727
judge_3,0.00018238908442467833
representatives_19,0.00018237985644699154
movement_19,0.0001822307214175436
home_11,0.00018219158538163797
return_14,0.00018211566467133967
earnings_1,0.00018211444140734775
virginia_7,0.00018200931422922252
marketing_13,0.0001819657865100236
fun_17,0.000181812068090795
travel_7,0.00018166927197735906
services_9,0.00018160805236568838
crisis_4,0.00018153409401643693
case_4,0.00018131340461160413
missouri_19,0.0001810971953298294
kentucky_10,0.000180984186485098
kitchen_2,0.00018079565433132695
garden_19,0.00018079036390020815
government_7,0.00018077579293739897
religion_8,0.00018066568882427563
illinois_8,0.00018066542328494577
transaction_4,0.00018052668482219502
carolina_20,0.00018037855048321156
success_2,0.00018019632060101932
gold_14,0.0001801719815067994
fine_19,0.00017995561232236816
stocks_12,0.00017993030861276728
secretary_13,0.00017990976705423349
derivatives_3,0.00017966340184056185
default_16,0.00017943060668031374
travel_12,0.00017942020587329865
dividend_6,0.0001793036580619422
greed_4,0.00017914539457807003
blacklist_12,0.00017901492596239147
members_10,0.00017896977775305696
travel_19,0.00017888497524907725
products_14,0.0001788233396556599
kentucky_4,0.00017847704092679474
return_10,0.00017845815314337376
cash_9,0.00017844235180995287
fed_16,0.0001784177483641041
massachusetts_16,0.00017833721849227935
services_18,0.00017833598413220426
default_15,0.00017816811574888032
firm_16,0.00017815009549232669
blacklist_19,0.00017796029930371827
gains_17,0.00017771309691447232
act_9,0.0001776881013584113
short_sell_20,0.00017767452060971222
world_14,0.00017761378298567035
war_4,0.0001775012122613435
services_6,0.00017726346666969165
success_9,0.00017722235894536377
county_18,0.0001769756286199656
companies_8,0.00017693427320786945
profit_7,0.0001768369912488877
sell_7,0.00017682228592161406
environment_18,0.00017675948029502223
justice_3,0.00017671596363400224
bubble_6,0.00017638988366229855
justice_8,0.00017631918511315593
revenue_15,0.00017624272220243643
police_9,0.00017622140366229877
secretary_12,0.00017605629732548285
cancer_18,0.00017603709884076127
tennessee_17,0.00017602406157107432
returns_14,0.0001759862208942577
county_12,0.00017595794835686097
bonds_5,0.00017589204223102692
senate_1,0.00017588297626265886
union_3,0.00017587932889823746
members_3,0.00017583867361465797
movie_19,0.00017582433519009732
environment_15,0.00017574845451763307
industry_10,0.00017566127166852776
technology_20,0.00017561463907673038
sell_15,0.00017550737646620468
culture_13,0.00017541743537943818
ltd_6,0.0001753941695854518
stocks_11,0.0001753095613463359
train_10,0.000175286831837497
economic_1,0.00017519050149062752
political_3,0.0001751462862501164
culture_16,0.00017506618428193518
water_16,0.0001750177589885339
election_7,0.00017500073030329678
case_11,0.00017491575242920874
transaction_17,0.00017479477780230778
members_7,0.00017479384485861803
arts_14,0.00017471989656751293
water_20,0.00017469006698125553
transaction_20,0.00017461165874508642
bank_11,0.00017442717506627143
growth_7,0.00017441880347494963
global_5,0.00017437337925279924
council_13,0.00017433475814575784
labor_7,0.0001743135225372911
industry_4,0.00017430619510328433
movement_7,0.0001742694780296578
virginia_8,0.00017426315521247568
development_3,0.00017418399983180986
stocks_15,0.00017404923000211757
economic_14,0.0001740227537477183
government_19,0.0001738815968195803
illinois_19,0.0001738131020666852
returns_17,0.0001737510781464298
success_13,0.00017354355816971785
nyse_15,0.0001734681174748721
police_16,0.00017321133816570398
kentucky_18,0.00017316334602499424
companies_16,0.00017300077016115596
companies_1,0.0001728711534073308
happy_18,0.00017271767329719138
justice_10,0.00017246452543164732
investment_17,0.00017234653279349477
gain_9,0.00017233452801919253
rights_9,0.00017227835310882787
founded_9,0.0001720884590894111
culture_5,0.00017187846397338937
democratic_18,0.00017186216113020263
carolina_16,0.000171793829088039
ore_19,0.00017172033250126569
gain_19,0.00017166331256912066
present_7,0.00017160754917950994
stats_7,0.00017158505317431947
nasdaq_12,0.0001715521471505467
georgia_8,0.0001714851749411038
committee_7,0.00017140518882707295
fun_5,0.00017133299727138475
present_5,0.0001711277717222646
headlines_6,0.00017100440189873707
justice_1,0.0001707968249261871
color_3,0.00017079445426704417
freedom_14,0.00017078807193656297
committee_6,0.0001707422466142406
ltd_15,0.00017067822732284323
seats_10,0.00017065085507795362
invest_3,0.00017062840413498005
finance_17,0.00017041831663696673
loss_5,0.00017034377385138577
freedom_7,0.0001702988717939727
tourism_18,0.00017024314621470835
investment_3,0.00017022992527801915
washington_10,0.00017021558857270865
transaction_11,0.00017021365201628897
ltd_16,0.0001701909913620925
market_16,0.00017014993294634854
elections_12,0.00017014029573069397
color_1,0.00016986288841002993
environment_14,0.000169854787394581
transaction_9,0.0001698352007379925
technology_5,0.0001698069485744261
environment_19,0.0001697825042850253
unemployment_20,0.0001697124992092186
dividend_13,0.00016943706706919046
loss_12,0.0001693169135381929
global_8,0.00016927205986619454
debt_6,0.00016924928731859421
ltd_17,0.00016920018723986708
banking_6,0.00016916140645634024
environment_3,0.00016914792389473315
leverage_16,0.0001690269190294607
banking_7,0.0001690229977235418
county_16,0.00016901848232961616
inflation_9,0.00016900001952555523
economy_17,0.00016895360812436798
color_16,0.0001689320473154743
seats_6,0.00016892797970389335
marriage_4,0.00016892183564069894
derivatives_13,0.00016889076650833092
investment_6,0.0001686054796441597
industry_18,0.00016859149591016428
republican_3,0.00016854931511676378
returns_15,0.0001685058680985098
freedom_12,0.00016841240999231869
restaurant_14,0.00016840431978329488
bank_5,0.00016821686381226754
politics_2,0.00016793128639508155
fed_7,0.00016792739352269138
georgia_13,0.0001677475935393922
fond_8,0.00016769715533036843
dow_jones_17,0.00016760062872938548
present_12,0.0001675765618759924
ministry_18,0.0001675144480946351
council_6,0.0001674957260350432
massachusetts_9,0.00016735895034396134
portfolio_20,0.00016734952339750352
opportunity_5,0.00016713204521863207
act_18,0.00016707495175296503
social_15,0.0001668492726751153
service_8,0.00016684729740674232
senate_12,0.00016677390873037518
court_12,0.00016662459115842626
dividend_14,0.00016654987910666831
movement_20,0.00016645683231943193
economic_20,0.0001663506756512989
tourism_19,0.000166284042750138
trader_11,0.0001662488275235211
services_3,0.0001661440421293977
products_9,0.00016613544936739993
revenue_7,0.0001661349407756867
legal_7,0.0001660886304362887
ltd_10,0.0001660855270942037
marketing_7,0.0001660726784349198
derivatives_15,0.0001660706369456306
markets_8,0.00016595457390472193
ceo_19,0.00016577115092839364
sell_16,0.00016569404626073868
trader_6,0.00016565741846841063
senate_11,0.00016563590794499756
wisconsin_19,0.00016557127336305674
founded_20,0.0001654662045040961
housing_14,0.0001653844027562708
wisconsin_6,0.0001653493117761274
pennsylvania_14,0.00016526442959541383
founded_11,0.00016524488403545976
cancer_9,0.00016515377042759463
marketing_6,0.00016509456536901003
governor_13,0.00016506204231404552
bubble_4,0.0001650373434159927
william_14,0.00016481984560658337
lifestyle_16,0.00016481197990179927
nasdaq_7,0.00016463445905576555
elected_4,0.00016456738923348966
investment_9,0.00016439627755995487
ministry_2,0.00016423773639139675
nyse_8,0.000164146505204667
fine_12,0.00016403082724926634
fed_17,0.0001639555276375779
bubble_20,0.00016385564696179379
forex_17,0.00016377258099988816
party_7,0.0001637053327894612
credit_13,0.00016360018318741968
management_10,0.0001635849568216398
return_13,0.00016342150966303865
election_15,0.00016315476127242036
tourism_3,0.00016309369466488725
DOW_JONES_2,0.00016301475056635083
success_15,0.0001628724857735985
social_14,0.00016283123722649986
headlines_16,0.00016281342958935442
cash_4,0.00016278494495032572
kentucky_15,0.00016272980577720713
served_19,0.00016266243857118858
media_16,0.00016262628726378497
political_2,0.00016262310606841938
gain_15,0.00016254776153258184
police_18,0.00016223107968557898
holiday_6,0.00016221983961347967
stats_2,0.00016220601418585532
tennessee_8,0.00016217728523580728
services_16,0.0001621683159939286
housing_1,0.00016214067035291238
religion_10,0.00016180130293340302
gains_11,0.00016173028357776347
train_14,0.00016157661940227876
crisis_20,0.00016151902872806251
greed_9,0.00016134763274598324
portfolio_4,0.0001612584304310157
community_13,0.0001611748139651468
greed_11,0.00016116295938575868
votes_18,0.0001609351372294904
BUY_AND_HOLD_15,0.0001609182007955232
council_7,0.00016074118238442288
minister_2,0.00016069330073463107
william_12,0.0001606110608169008
bonds_14,0.000160608296076782
inflation_18,0.00016055086939989897
act_14,0.00016052068435959996
ltd_9,0.00016046485152097783
risk_14,0.0001604170713283455
metals_13,0.00016039232683281331
forex_15,0.00016035428449092125
marriage_3,0.00016032706723904074
global_10,0.00016031978443937687
tourism_6,0.00016023585419333697
washington_14,0.00016012067559246368
pennsylvania_6,0.0001600338900359234
energy_17,0.00015994806056123263
holiday_14,0.00015978409057255946
train_18,0.00015950923652409621
risk_10,0.00015944477200569162
crash_16,0.0001594083195097951
financial_14,0.0001593735860590852
banking_2,0.00015920316856753906
returns_12,0.0001591339706477106
opportunity_7,0.0001588041136932389
votes_3,0.00015861139370221595
development_5,0.00015850992317912026
rights_8,0.00015850736861988568
financial_20,0.00015849512832398447
gain_7,0.00015847483780385572
society_5,0.00015841295713720012
portfolio_15,0.00015819590758226254
dividend_16,0.00015816487325312676
crisis_16,0.0001581408373335822
returns_3,0.0001581158878594994
members_8,0.00015803302053279844
fun_10,0.0001579855542934722
ministry_15,0.0001578938246652857
travel_20,0.00015767929626320112
holiday_4,0.00015767136084224979
democratic_14,0.0001575483347443259
lifestyle_15,0.00015749418902028054
garden_6,0.00015738277862010567
restaurant_7,0.00015728076208545796
forex_5,0.00015713545945095716
fed_20,0.00015709754198347148
gain_20,0.00015696632874890578
color_12,0.00015690841444357102
ceo_13,0.00015688714822388114
debt_16,0.00015664250308701765
market_13,0.00015662603855691747
loss_3,0.00015652212047581696
council_2,0.0001565085139843572
lifestyle_18,0.00015646795582176435
dividend_12,0.0001564042045630421
returns_20,0.00015637944750335195
revenue_5,0.0001563356380992411
risk_5,0.00015609318158088864
representatives_16,0.00015608922996867614
revenue_11,0.00015594529386475553
hedge_16,0.00015594172927952735
fine_15,0.00015579435096943503
members_15,0.00015571094278217623
college_15,0.00015566833875109228
food_12,0.00015553511159678202
act_5,0.00015536474331839909
law_18,0.00015530980191132162
services_13,0.0001552971535629283
happy_2,0.00015506810501478247
society_9,0.0001550128251647431
senate_2,0.00015499545683904403
opportunity_1,0.00015474537435993275
leverage_4,0.000154739521293878
services_2,0.00015442721870158378
dividend_3,0.0001542175635211175
fun_15,0.00015415521256768582
investment_14,0.00015414790236644585
ltd_1,0.00015388928604585434
consumption_7,0.00015386033112476963
justice_5,0.00015381335996752273
dividend_17,0.00015375484958701929
secretary_1,0.00015361319401870256
crash_18,0.00015360958786134792
bonds_20,0.00015334491282437704
loss_13,0.00015315496635747366
default_3,0.00015315025479193422
oil_6,0.00015314299551613878
fine_9,0.00015300730671862403
fond_2,0.00015298303427738397
derivatives_11,0.00015277987647035354
representatives_18,0.00015269302912104395
political_18,0.00015248388343426137
nasdaq_19,0.0001523467146575907
derivatives_10,0.00015225611502488252
development_11,0.00015201071115279703
loss_8,0.00015193169706850058
tourism_10,0.00015179509665016035
global_17,0.00015171383585112173
members_11,0.00015131892456528761
party_8,0.0001513087389419051
firm_4,0.00015122570978508572
invest_4,0.00015120690554411084
inc_7,0.00015086591358578227
ceo_18,0.00015077744728058203
earnings_14,0.00015066779449884787
stats_13,0.0001506673871676062
metals_1,0.0001505312324903117
marketing_2,0.00015052756324135058
pennsylvania_1,0.0001505222630244023
conflict_16,0.000150510564027673
gain_4,0.00015049019090621825
fed_14,0.00015021723824771004
portfolio_13,0.0001501694447083923
democratic_16,0.00015013902820448156
return_16,0.00014977612378285594
cash_20,0.00014955232407848657
cash_15,0.00014951768692587634
missouri_11,0.0001494295328327002
derivatives_20,0.0001493814026017051
minister_9,0.00014916880792040083
ministry_16,0.00014906646725852638
massachusetts_15,0.00014902647134537692
federal_8,0.00014901306383903752
ministry_12,0.0001490070221679619
garden_20,0.00014900655088919204
conflict_9,0.00014897231690619254
district_1,0.00014876493405742715
forex_11,0.0001483864576763023
risk_6,0.00014838410174571889
happy_9,0.00014825135120088607
served_4,0.00014793986274937615
happy_3,0.00014790006965578975
invest_17,0.0001478246193689376
rich_8,0.00014768289837877534
representatives_14,0.00014765128481254806
profit_13,0.00014763773162364383
rights_7,0.00014760361143573958
dividend_4,0.0001475966184208403
police_3,0.0001475923303377258
pennsylvania_12,0.00014740564867976515
food_3,0.00014740315464862688
consumption_14,0.00014714784340774428
happy_8,0.0001470051967413344
derivatives_17,0.00014698518646363346
society_2,0.00014683939250500247
global_4,0.00014680212068966792
service_3,0.0001466777243434988
dividend_20,0.00014656812785789866
founded_13,0.00014655584522383524
william_8,0.0001465087194135834
nyse_20,0.0001464992685264155
voters_2,0.00014644271190762182
justice_4,0.00014641090510264667
growth_19,0.00014640902599322693
nasdaq_20,0.00014640460479757516
industry_9,0.00014639692121874468
debt_1,0.0001463576919918513
firm_7,0.0001463532215006047
act_6,0.00014614840281831614
pennsylvania_8,0.00014601351096285567
crisis_6,0.00014592117666325285
marriage_1,0.00014588786405725826
virginia_10,0.0001458529816245
rights_10,0.00014565145588941861
served_17,0.0001456164385705585
founded_17,0.00014559449466530666
college_5,0.00014546987196426052
stats_1,0.00014546534664821431
leverage_8,0.00014541928952253882
voters_7,0.0001453438917845345
hedge_4,0.00014501229854309094
inc_13,0.0001449389785447476
firm_8,0.00014489072433221577
legal_5,0.00014477091973134782
missouri_13,0.00014472147035399268
present_4,0.00014464491793149766
hedge_10,0.0001445814236949102
headlines_18,0.0001444221682656257
transaction_14,0.00014429107392949992
media_11,0.00014404726969998122
technology_11,0.00014400807782925432
gold_11,0.00014397598525420086
seats_14,0.0001439576316050816
kitchen_18,0.0001439463680762672
economics_14,0.00014373353508752713
marriage_10,0.00014368436925234828
stocks_5,0.00014366865187797107
ore_16,0.00014362505237063366
ministry_5,0.0001434932956371898
media_15,0.00014347449221564752
chance_18,0.00014329602212920418
revenue_18,0.000143053722787458
headlines_8,0.00014305349280335411
fond_18,0.00014270159483236068
economic_11,0.000142552977482331
service_14,0.00014253614765822237
economic_13,0.00014232753088033512
companies_14,0.00014217050274870375
management_15,0.00014204924462167523
firm_20,0.00014191792184186356
crisis_5,0.00014185862108442867
trader_12,0.0001418252604346544
committee_11,0.00014176261888164423
religion_20,0.00014156769827934238
fond_14,0.00014156290580381346
consumption_6,0.00014139151476750978
bonds_17,0.00014137900932969277
economics_2,0.00014131930967436525
nyse_11,0.00014106856132239503
risk_2,0.00014105319916621388
ring_9,0.00014097815687484302
gain_13,0.00014089577129762916
massachusetts_2,0.00014066687090470177
nyse_3,0.00014066437736682234
stats_9,0.00014050699836914507
trader_4,0.00014041619413331842
firm_2,0.0001399169760572476
metals_19,0.00013991649725470588
pennsylvania_18,0.00013986589369812338
economics_12,0.0001398619253868617
risk_9,0.0001394599512263852
seats_9,0.000139360099786972
return_15,0.00013930434712758355
conflict_6,0.00013927482592572782
members_5,0.00013921107553005013
economy_13,0.00013916958859773012
justice_6,0.00013910422329928884
stats_17,0.00013897073616390694
metals_20,0.0001389367087167128
fine_18,0.00013884581999952248
crisis_18,0.000138837495577455
culture_20,0.0001388096760405784
chance_17,0.00013855411652197156
profit_19,0.0001382946411437208
party_11,0.00013818945555800437
democratic_8,0.00013796610855483979
chance_1,0.00013757109171192862
elections_2,0.00013752579691399987
legal_13,0.00013752299644969378
kitchen_16,0.0001373884932920798
rights_16,0.00013737065855989178
invest_7,0.00013734306761915908
legal_9,0.0001371566124357776
society_16,0.0001371162037105821
ring_8,0.00013708744950885693
tourism_5,0.0001370730363764025
present_8,0.00013705807768497736
movement_5,0.00013696613678563762
william_4,0.0001369333656170393
members_16,0.0001368244417030636
markets_2,0.00013679930377509216
freedom_2,0.00013666383493154432
ore_12,0.0001366236667478266
police_17,0.0001365378274776258
secretary_19,0.0001363921070176386
culture_15,0.00013633160360895918
legal_3,0.00013632898152174012
loss_11,0.00013608661069638452
forex_12,0.0001360717577993764
president_12,0.0001357936261568734
police_10,0.00013579307823555697
home_2,0.00013575159714322016
nasdaq_8,0.00013559606351831163
economy_3,0.0001355934293444806
risk_1,0.000135593172892278
holiday_8,0.00013557993048761468
sell_9,0.00013554282820395298
nasdaq_9,0.00013540130113248752
kentucky_2,0.0001352674890777678
tourism_9,0.00013516433968104055
representatives_12,0.00013477944767118394
opportunity_13,0.00013477643115053674
rights_6,0.00013470270400519268
religion_19,0.0001346270943585124
ministry_11,0.00013448325365673873
minister_19,0.00013438976805379467
success_20,0.00013434620340079464
ministry_19,0.00013408310051127084
seats_7,0.00013397914219672686
bonds_2,0.0001339502735365566
earnings_16,0.00013388070406685556
fed_18,0.00013367738422027196
marriage_13,0.00013328021272205544
tourism_1,0.00013320363141586375
kitchen_13,0.00013314514842000647
inflation_3,0.000133058123863538
ceo_14,0.00013303562766438622
travel_3,0.0001328717049760987
environment_17,0.00013267513312101322
opportunity_14,0.00013247195544312997
union_8,0.0001324293574666868
revenue_10,0.00013231193464704495
governor_5,0.00013228804715151467
elections_13,0.00013217664509102296
federal_2,0.00013209890502162682
republican_15,0.00013191279085526496
democratic_9,0.00013171153877061185
massachusetts_18,0.0001316090885244586
inflation_1,0.00013146571099610405
wisconsin_9,0.0001313841792091829
freedom_11,0.0001313633635308845
present_15,0.00013135556033403532
returns_18,0.0001312108676200087
vermont_4,0.0001311015619551029
rich_11,0.0001310003141775798
cash_18,0.00013079346892570171
ohio_8,0.00013079028706678453
markets_11,0.0001307479199681159
derivatives_14,0.00013069547468164995
financial_markets_16,0.00013058929536596543
arts_2,0.00013046608405561935
ministry_9,0.00013045811596852297
economics_20,0.00013021396879230659
arts_10,0.00013008670916358787
conflict_13,0.00013007819927880287
growth_14,0.0001299402022866338
fine_20,0.00012983372656435373
million_6,0.0001293382500731357
holiday_17,0.00012921553939438044
finance_18,0.00012887647629486243
train_13,0.0001284480817219589
elected_14,0.00012843113197264844
trader_16,0.0001283383885360747
portfolio_16,0.00012825584574443217
stocks_6,0.00012802101377196314
movement_3,0.00012795337164251338
war_8,0.0001278557212863996
ceo_12,0.00012782647722953274
senate_14,0.00012775089047168216
dividend_5,0.0001277062933901585
governor_18,0.0001276039214277128
fond_4,0.00012758425110162122
sell_4,0.00012748217265264874
trader_2,0.0001273952514807097
ceo_17,0.00012735335449307912
marketing_15,0.00012729683002744404
metals_16,0.00012728691602527573
massachusetts_13,0.0001271783844240661
gain_1,0.00012713792754174273
stocks_18,0.0001269713101668158
stocks_20,0.0001269246866909212
served_11,0.00012660715314983574
services_14,0.00012658836867006205
fun_19,0.00012652447381916688
loss_15,0.00012609490475733607
elected_8,0.0001260888768350062
rights_19,0.00012606326556237164
economics_9,0.000125987760474247
derivatives_1,0.0001257581603964436
financial_19,0.00012561889080680685
markets_20,0.00012551946305833212
invest_12,0.00012544532329003799
invest_19,0.00012543995492537473
inflation_12,0.00012527028839807143
governor_3,0.0001251173425454994
earnings_19,0.00012477565654365517
revenue_13,0.00012472259511902016
greed_12,0.00012468429462124194
metals_2,0.00012439479798645543
color_18,0.00012435837532948714
freedom_5,0.0001243400450321856
government_10,0.00012405774406244835
tourism_8,0.00012395620217792614
nyse_17,0.00012395199560446255
fine_8,0.00012384860113796213
portfolio_8,0.00012364644962969861
earnings_12,0.00012342700306949478
portfolio_18,0.00012341603658517234
short_selling_10,0.00012325364576350152
marriage_12,0.00012323964189661597
forex_14,0.00012315633278240742
economics_8,0.00012304651761475182
arts_20,0.00012282422948079664
growth_20,0.00012279490282054986
committee_1,0.00012262202802503118
council_12,0.00012253294087232592
present_10,0.00012226228394034098
metals_17,0.00012224766615161214
freedom_20,0.00012221757207946267
dividend_11,0.00012220066614432155
tourism_20,0.00012219143912257918
default_13,0.00012201661052104682
founded_12,0.00012201274861972565
economics_16,0.00012199893099360707
travel_15,0.0001219278929157962
committee_17,0.0001219157151190203
dividend_1,0.00012189963043432255
democratic_12,0.00012167040443625783
served_14,0.00012166178823179986
fond_10,0.00012157689732283713
million_13,0.00012149170010092998
political_5,0.00012147002606954866
firm_14,0.00012140437279680961
elected_1,0.00012139098022581702
legal_2,0.0001213466099509023
success_7,0.00012123317988288846
headlines_13,0.00012114268575308867
democratic_4,0.00012113431217113543
metals_15,0.0001210677378894879
present_16,0.00012103398055742965
million_10,0.00012068180128216266
opportunity_6,0.00012066361158764027
portfolio_10,0.00012064592011951256
conflict_12,0.00012056102005275647
ministry_4,0.00012051317417352868
fine_4,0.00012038058147573586
vermont_9,0.00012025433883014723
stats_3,0.00012023763959213473
consumption_15,0.00012011406901212732
happy_1,0.0001200734058892063
cash_3,0.00012005757626338368
present_14,0.00011990546456220839
freedom_9,0.00011989853603836225
police_5,0.00011984882901661213
debt_13,0.00011983064639322696
corporation_8,0.0001197394735824257
hedge_14,0.00011966988453027034
founded_18,0.00011951008250732774
debt_18,0.00011946529023657508
voters_9,0.00011942755883239142
tourism_4,0.0001194205693609143
seats_4,0.00011939880685610786
chance_16,0.00011928218349010436
gain_18,0.00011915396333343359
hedge_17,0.00011911374165939085
success_6,0.00011910445936587012
headlines_15,0.00011900433601103849
profit_11,0.0001189821051877735
union_20,0.00011865223839412893
ministry_17,0.00011825032316029886
debt_14,0.00011823170206821328
success_12,0.00011819281705803445
crash_6,0.00011804953004144644
forex_20,0.00011778047236274386
fond_13,0.00011769287113676113
gain_10,0.0001176647029990749
religion_1,0.00011703211016519522
present_19,0.00011658776727243213
inflation_6,0.00011639936442980836
risk_8,0.00011633526689692581
corporation_7,0.0001163085243338073
served_3,0.00011628988875176116
representatives_13,0.00011622955682565651
war_10,0.00011611720091785406
consumption_4,0.00011582521298963179
transaction_13,0.00011572690452431559
color_5,0.0001157144045773604
party_6,0.00011553406983059523
stats_16,0.00011548957831683801
tourism_2,0.00011545550678162049
stats_6,0.00011540932116613742
secretary_15,0.0001153990048777442
environment_4,0.00011537099758659928
investment_15,0.0001150193090986872
inflation_10,0.00011501408502387151
ore_5,0.00011494780825327016
tourism_17,0.00011482887280146959
forex_18,0.00011466001607665564
nyse_6,0.00011442376841621977
marketing_17,0.00011434259078747311
holiday_10,0.00011418753156459366
present_11,0.00011413713065276882
banking_10,0.00011403246780801393
bonds_18,0.00011399656670462741
vermont_7,0.00011382898516892865
leverage_5,0.00011377639589006181
bonds_15,0.00011363536508865456
housing_13,0.00011359866608057698
headlines_9,0.00011313406702790797
kentucky_16,0.00011297507865455427
government_11,0.00011281306030973292
representatives_2,0.00011274617975423361
investment_5,0.00011273775398501609
gains_6,0.00011266054465043904
financial_markets_15,0.00011264453069344367
global_7,0.0001126042834514887
returns_5,0.00011242894842928079
housing_15,0.00011234619302692871
economics_13,0.00011227021203359711
ministry_20,0.0001118936014099877
environment_8,0.00011169097320581275
massachusetts_11,0.0001111817292678948
transaction_3,0.00011085283247745977
conflict_11,0.00011058814511945731
revenue_14,0.00011020371328031436
investment_16,0.00011019112179640504
seats_16,0.00010979574133960971
culture_6,0.00010957793103945462
bubble_16,0.00010944425618893802
conflict_2,0.00010915261555994202
elected_10,0.00010870723635262972
bubble_8,0.00010855921097537266
lifestyle_5,0.00010852615605400053
banking_17,0.00010846870912209854
founded_14,0.00010842940068416334
present_9,0.00010814896245274094
success_11,0.00010809223318247114
republican_4,0.00010719981521026838
police_14,0.00010715381968348485
success_18,0.00010703404153220188
debt_19,0.00010671416839283752
ring_3,0.00010652328884901626
served_5,0.00010647302672441165
portfolio_2,0.00010646950491140014
financial_markets_12,0.0001064422985858915
seats_12,0.000106425743719932
metals_12,0.00010627416320666851
ore_4,0.00010612549317251862
religion_4,0.00010594579898611013
metals_14,0.00010593414286282127
served_1,0.0001057130291377869
holiday_3,0.00010566612494982436
economics_18,0.00010534422126817632
seats_3,0.00010532785672674983
forex_8,0.00010528781937284317
leverage_14,0.00010475637302755567
trader_5,0.0001047551595948605
returns_9,0.00010455563460048606
default_10,0.0001044928681493423
inc_5,0.00010444323587073805
gain_16,0.00010425607108351337
firm_17,0.0001042021579128712
representatives_20,0.00010407766693984826
elected_2,0.00010403155809754715
sell_19,0.0001040208720986739
earnings_2,0.00010398383032298486
voters_4,0.0001038316156462495
short_selling_12,0.00010381275954391343
illinois_18,0.00010368977801494041
rich_19,0.00010346137787162897
portfolio_7,0.00010338712454505254
lifestyle_4,0.00010312380686411634
forex_13,0.00010311672579462836
cash_19,0.0001030629972064135
trader_19,0.00010285235785837246
lifestyle_12,0.0001023768459917011
fond_15,0.0001023581401154901
nyse_4,0.00010229688285314204
markets_12,0.00010217040200054206
stats_14,0.00010202667513570689
served_9,0.00010182372908376384
ceo_9,0.00010177755667443345
democratic_6,0.0001016459224737308
minister_7,0.00010163554159110615
consume_20,0.00010150402409935743
transaction_6,0.00010142129805210936
return_1,0.00010128367697278444
seats_2,0.00010090305409115298
industry_19,0.00010074523630461205
success_17,0.00010040747489762
election_4,0.00010007952730890295
economics_5,9.972517059376008e-05
lifestyle_11,9.967001578791739e-05
founded_7,9.962262848855158e-05
default_11,9.952984407079503e-05
risk_13,9.945385645033467e-05
derivatives_5,9.93568675521194e-05
lifestyle_7,9.928709352502759e-05
debt_9,9.906663646739374e-05
nasdaq_3,9.890895163277506e-05
health_19,9.874711793263776e-05
members_12,9.870598971976491e-05
tennessee_9,9.849078983262678e-05
derivatives_2,9.834461792869544e-05
served_16,9.831809262629847e-05
industry_12,9.831295364830875e-05
success_5,9.829068094680874e-05
oil_8,9.82409591891016e-05
inflation_17,9.796531156288655e-05
pennsylvania_5,9.773900524217649e-05
fond_19,9.76225541425799e-05
ministry_1,9.755855133424981e-05
nasdaq_17,9.750861004249004e-05
nasdaq_11,9.748687080832197e-05
served_13,9.725923021191859e-05
portfolio_9,9.715985371028231e-05
markets_9,9.703700103119745e-05
committee_20,9.696839131068588e-05
gain_17,9.646220778560339e-05
lifestyle_6,9.619510219768419e-05
political_1,9.530145806937913e-05
headlines_12,9.52954404838901e-05
conflict_19,9.520219417812317e-05
minister_6,9.50506421655604e-05
bubble_15,9.49687273144281e-05
fine_5,9.462397916544536e-05
fine_17,9.454427695216512e-05
ministry_7,9.423958241847055e-05
stock_market_15,9.408886162385488e-05
voters_1,9.404846796055548e-05
votes_16,9.383000456636485e-05
metals_3,9.3454627669684e-05
derivatives_8,9.329666922506395e-05
election_5,9.323805460163368e-05
default_12,9.300318539359237e-05
industry_20,9.289636634614897e-05
present_20,9.226565881698988e-05
movement_1,9.199046629274853e-05
conflict_15,9.189360756475785e-05
ceo_3,9.151564090507896e-05
bonds_7,9.141395145687444e-05
nasdaq_18,9.12714714932914e-05
hedge_20,9.12043876485697e-05
greed_8,9.105846979226966e-05
minister_4,9.103721163177771e-05
gain_11,9.090727913945052e-05
opportunity_2,9.061408527535935e-05
inflation_15,9.057886848875727e-05
bubble_2,9.056529087659418e-05
earnings_7,9.038423868338945e-05
hedge_2,9.030353496341442e-05
bonds_13,9.027020747111948e-05
industry_7,9.006626658696083e-05
leverage_19,9.00053545206778e-05
conflict_7,8.961557518003465e-05
ceo_20,8.942978343889523e-05
leverage_7,8.93758603518217e-05
headlines_17,8.925108233304933e-05
votes_9,8.911769875234424e-05
forex_1,8.852347213084586e-05
elected_3,8.84664712256722e-05
movement_4,8.845550732678161e-05
growth_16,8.837424006929434e-05
forex_10,8.83717778921787e-05
leverage_15,8.77928981190174e-05
opportunity_12,8.764515441219473e-05
ore_10,8.75635657213628e-05
tourism_16,8.74506552536573e-05
hedge_6,8.719317827158177e-05
economic_15,8.698860281673014e-05
success_4,8.6834888930024e-05
profit_20,8.680940923781572e-05
derivatives_6,8.663855668895076e-05
council_8,8.651465271078614e-05
dividend_15,8.622370745315609e-05
short_sell_6,8.587735713157536e-05
economics_11,8.550742697426571e-05
senate_16,8.532631831715771e-05
fond_9,8.52978829050986e-05
tourism_11,8.488308664365554e-05
inflation_2,8.463026643653959e-05
ltd_14,8.431224833179981e-05
ministry_6,8.424671845552206e-05
leverage_18,8.294554729925581e-05
opportunity_11,8.232852945657277e-05
bubble_7,8.203429680950404e-05
opportunity_10,8.200309423220083e-05
votes_15,8.17854389742607e-05
returns_4,8.160447901307445e-05
success_8,8.140120990377763e-05
market_18,8.108392085829688e-05
hedge_19,8.042640340399442e-05
consume_10,8.041613337459747e-05
derivatives_19,8.036288873112735e-05
earnings_18,8.025340726131959e-05
profit_17,8.015177639889445e-05
fond_12,8.006404492644715e-05
committee_8,7.998125467959274e-05
votes_2,7.954657426446481e-05
founded_1,7.937421505042846e-05
headlines_7,7.884558182972162e-05
BUY_AND_HOLD_17,7.875633829368066e-05
headlines_20,7.864240934190317e-05
founded_15,7.850334620687615e-05
blacklist_6,7.848560050524922e-05
nyse_18,7.783638527047204e-05
ore_17,7.723954833850879e-05
short_sell_11,7.671526929800048e-05
economics_7,7.614641478878181e-05
ministry_10,7.606937735368528e-05
marketing_18,7.568878843110542e-05
trader_17,7.55565186963195e-05
derivatives_4,7.522357157381666e-05
financial_markets_20,7.492907779337405e-05
tourism_15,7.492566730060951e-05
economics_6,7.479631884215551e-05
consume_12,7.474472125938317e-05
fond_5,7.464771748375456e-05
ore_1,7.440257533516017e-05
voters_8,7.399744302813828e-05
gain_2,7.389906426475784e-05
derivatives_18,7.229933657696945e-05
portfolio_6,7.189728970607125e-05
fond_1,7.17986140384385e-05
served_20,7.147507378551884e-05
profit_6,7.063782783121091e-05
short_sell_4,7.047318452659084e-05
committee_13,7.038192560462508e-05
crisis_2,7.017043379087228e-05
profit_1,7.010230986855787e-05
stats_8,6.959854919289726e-05
debt_4,6.957168469674956e-05
forex_19,6.898441841396823e-05
consume_1,6.834564152776933e-05
ministry_13,6.822039595848152e-05
consume_15,6.820106538473897e-05
consume_14,6.810163654265161e-05
consume_4,6.780453365636964e-05
financial_markets_18,6.768546723818354e-05
ministry_14,6.700441960676148e-05
profit_8,6.692143617300804e-05
leverage_2,6.643251543057434e-05
representatives_6,6.598800430372642e-05
consume_8,6.460159784604628e-05
financial_markets_17,6.413414502005265e-05
financial_markets_11,6.314271590407082e-05
greed_5,6.284225174982344e-05
fine_3,6.27288692885521e-05
profit_18,6.110268547091218e-05
ceo_11,6.076588212385124e-05
movement_18,6.004560335318416e-05
blacklist_11,5.952570154693097e-05
portfolio_12,5.9508842097577244e-05
fond_11,5.938709575235162e-05
blacklist_13,5.856089391885346e-05
blacklist_2,5.814925766631094e-05
judge_1,5.784412727832642e-05
financial_markets_14,5.747014714030308e-05
derivatives_12,5.647214486748072e-05
profit_15,5.621090296154971e-05
vermont_11,5.3268628682697134e-05
short_sell_10,5.224852145081527e-05
greed_10,5.2074735831639554e-05
blacklist_14,5.18634576445771e-05
consume_16,5.14054402951778e-05
headlines_2,5.1245031420554426e-05
consume_2,5.121723404701624e-05
served_7,5.113538801757266e-05
seats_18,5.0950316935307715e-05
blacklist_4,5.0866266422091396e-05
short_sell_8,5.022109223571428e-05
consume_11,4.995528543905065e-05
short_sell_2,4.98717841429783e-05
short_selling_3,4.967663547519744e-05
blacklist_3,4.852885132098357e-05
fond_6,4.8488735059371986e-05
fond_3,4.8375755976630515e-05
seats_1,4.7435287676295195e-05
blacklist_9,4.703060569566369e-05
consume_19,4.701258394565173e-05
consume_17,4.6246122438604866e-05
blacklist_1,4.59899589419483e-05
greed_6,4.5700874492471844e-05
blacklist_18,4.55710635909366e-05
opportunity_18,4.536024458108365e-05
votes_4,4.518291936225517e-05
greed_1,4.462722982212691e-05
greed_19,4.432897490563894e-05
short_sell_15,4.304053649926317e-05
blacklist_17,4.220640737485032e-05
consume_13,4.194406641167597e-05
consume_18,4.1766560032827e-05
financial_markets_10,4.166868810877419e-05
financial_markets_2,4.1046273150018886e-05
blacklist_20,3.995080430185717e-05
greed_13,3.960676388507498e-05
short_sell_14,3.950955890687611e-05
voters_13,3.9050409325032494e-05
financial_markets_19,3.860839076674199e-05
headlines_3,3.719652928899693e-05
financial_markets_7,3.7067820194223156e-05
financial_markets_9,3.700708168044343e-05
greed_2,3.6472945803034516e-05
ceo_15,3.555904327551003e-05
financial_markets_6,3.520513340838941e-05
BUY_AND_HOLD_11,3.5172091939029863e-05
greed_18,3.360337705464993e-05
blacklist_7,3.313709586290772e-05
short_sell_9,3.2322549088407534e-05
short_sell_17,3.174263773691516e-05
greed_16,3.1694627497920634e-05
BUY_AND_HOLD_9,3.117741773487659e-05
financial_markets_5,3.031873493343466e-05
financial_markets_1,2.9814615314579385e-05
BUY_AND_HOLD_4,2.901072676279004e-05
short_selling_20,2.8881353542835517e-05
blacklist_16,2.8390095316625623e-05
greed_17,2.7246359874055018e-05
short_sell_13,2.559345104371739e-05
financial_markets_8,2.499384055814387e-05
short_selling_13,2.4600042660071305e-05
short_selling_8,2.2772688712284317e-05
blacklist_8,2.2321390654276413e-05
financial_markets_3,2.100272602913959e-05
BUY_AND_HOLD_19,2.0330345518065965e-05
short_selling_11,1.9886901286895603e-05
BUY_AND_HOLD_10,1.9814898936239456e-05
short_sell_18,1.929688596637827e-05
BUY_AND_HOLD_13,1.7658711889057763e-05
financial_markets_13,1.745887930395684e-05
consume_9,1.715877441668239e-05
greed_7,1.679597593180111e-05
greed_3,1.4895038524778986e-05
BUY_AND_HOLD_2,1.3476842221154781e-05
short_sell_7,1.2180229314832058e-05
financial_markets_4,1.1822024710497977e-05
consume_3,1.1083727630628864e-05
consume_5,1.0554739245049172e-05
BUY_AND_HOLD_7,9.787637761931114e-06
short_sell_12,9.631806189750586e-06
short_sell_5,9.091598570434732e-06
consume_6,8.746105622575758e-06
rare_earths_3,6.238711900142578e-06
BUY_AND_HOLD_14,4.739732018354606e-06
short_sell_1,3.4573100998159886e-06
BUY_AND_HOLD_6,3.451514290383673e-06
rare_earths_6,3.3927941215398845e-06
rare_earths_13,3.347353075183657e-06
short_selling_14,2.8043709402142517e-06
rare_earths_2,1.2377509443223799e-06
BUY_AND_HOLD_1,7.612122126758841e-07
rare_earths_8,6.996429542281646e-07
BUY_AND_HOLD_3,
BUY_AND_HOLD_5,
BUY_AND_HOLD_8,
BUY_AND_HOLD_12,
BUY_AND_HOLD_16,
BUY_AND_HOLD_18,
BUY_AND_HOLD_20,
rare_earths_1,
rare_earths_4,
rare_earths_5,
rare_earths_7,
rare_earths_9,
rare_earths_10,
rare_earths_11,
rare_earths_12,
rare_earths_14,
rare_earths_15,
rare_earths_16,
rare_earths_17,
rare_earths_18,
rare_earths_19,
rare_earths_20,
short_sell_3,
